Seatopian Hills  (5762,4325)  (5799,4383)  (5819,4325)  (5876,4330)  (5703,4278)  (5702,4337)  (5644,4265)  (5644,4324)  (5586,4342)  (5866,4448)  (5858,4390)
Ogrebog  (1537,3919)  (1479,3919)  (1522,3860)  (1579,3841)  (1498,3976)  (1538,4033)  (1582,4090)  (1616,4147)
Millshire  (5638,3944)  (5652,4004)  (5589,4003)  (5696,3924)  (5578,3944)  (5539,3885)  (5553,3826)  (5582,4061)  (5641,4064)  (5605,4121)  (5663,4122)  (5680,4179)  (5739,4212)
Ogrehold  (1473,4135)  (1476,4192)  (1531,4153)  (1532,4210)  (1414,4125)  (1473,4077)  (1414,4066)  (1355,4043)  (1412,4006)  (1590,4241)
Avalonia  (5408,3864)  (5497,3772)  (5472,3831)  (5467,3889)  (5405,3983)  (5409,3925)  (5412,3804)  (5438,3746)  (5350,3851)  (5351,3792)  (5380,3733)  (5497,3713)  (5439,3688)  (5381,3674)  (5373,3616)  (5387,3558)  (5432,3618)  (5497,3652)  (5466,3947)
Strydon Peak  (1258,4126)  (1200,4126)  (1199,4068)  (1256,4067)  (1213,4183)  (1270,4183)  (1324,4152)  (1236,4241)  (1296,4240)  (1259,4303)
Orangerock Mountains  (5173,3539)  (5172,3481)  (5114,3535)  (5115,3592)  (5172,3596)  (5229,3424)  (5229,3481)  (5231,3538)  (5230,3596)  (5288,3562)  (5287,3503)  (5286,3444)  (5286,3386)  (5228,3653)  (5170,3653)  (5111,3650)  (5056,3552)  (5055,3609)  (5053,3666)  (5110,3707)  (5167,3711)  (5344,3481)  (5343,3423)  (5343,3364)  (5400,3350)  (5343,3305)  (5400,3291)  (5457,3271)  (5514,3232)  (4998,3559)  (4995,3617)  (4993,3676)  (5132,3769)  (5190,3769)
Strydon Mountains  (1300,3906)  (1357,3877)  (1299,3847)  (1356,3817)  (1357,3934)  (1299,3963)  (1414,3923)  (1414,3865)  (1413,3807)  (1414,3748)  (1355,3759)  (1297,3789)  (1410,3690)  (1351,3700)  (1294,3732)  (1353,3641)  (1241,3942)  (1241,4001)
Morassia  (4675,4043)  (4647,3985)  (4641,3927)  (4583,3964)  (4617,4048)  (4733,4048)  (4780,4105)  (4886,4095)  (4943,4055)  (5000,4020)  (5058,4021)  (5116,4008)  (4835,4149)
Wolfendale  (5181,4040)  (5188,4098)  (5179,3982)  (5193,3924)  (5235,3865)  (5161,3864)  (5214,4156)  (5271,4199)
Kallingrock  (1851,4052)  (1811,3993)  (1793,4050)  (1908,4081)  (1883,4138)  (1941,4138)  (1753,3993)  (1731,3935)  (1788,3935)  (1755,3877)  (1812,3878)  (1804,3820)  (1929,4195)  (1926,4252)  (1983,4252)
Fanebrow  (5321,4027)  (5323,3969)  (5294,3911)  (5264,3968)  (5262,4027)  (5266,4087)  (5324,4084)  (5305,4144)  (5365,4141)
Huntingwath  (1660,4202)  (1717,4210)  (1721,4268)  (1778,4271)  (1775,4213)  (1832,4197)  (1835,4254)
Gemrock Mines  (5493,4094)  (5509,4034)  (5434,4070)  (5474,4153)  (5533,4154)  (5427,4210)  (5484,4210)  (5543,4211)  (5368,4274)  (5426,4269)  (5485,4268)  (5543,4268)  (5519,4325)  (5600,4201)
Kallingbog  (1665,3905)  (1641,3847)  (1698,3846)  (1722,3788)  (1607,3904)  (1647,3962)  (1618,4019)  (1675,4019)  (1661,4076)  (1718,4076)  (1693,4135)  (1750,4134)  (1808,4130)
Southern Illyria  (5273,3212)  (5274,3153)  (5216,3183)  (5214,3240)  (5271,3272)  (5213,3298)  (5331,3152)  (5331,3210)  (5155,3298)  (5097,3316)  (5388,3147)  (5389,3205)  (5446,3155)
Rimdell  (1205,4496)  (1147,4496)  (1089,4447)  (1146,4438)  (1204,4438)  (1117,4380)  (1174,4380)  (1231,4381)  (1262,4439)  (1263,4497)  (1320,4456)  (1321,4513)
Lionian Outback  (5557,3519)  (5556,3460)  (5613,3468)  (5615,3525)  (5556,3577)  (5613,3583)  (5498,3558)  (5498,3500)  (5498,3440)  (5671,3461)  (5673,3518)  (5671,3576)  (5586,3641)  (5440,3500)  (5489,3381)  (5439,3442)  (5728,3467)  (5731,3525)  (5644,3639)
Strydon Fields  (1083,4223)  (1083,4164)  (1025,4183)  (1076,4281)  (1134,4280)  (1191,4280)  (1141,4222)  (1141,4164)  (1119,4105)  (1133,4047)
Strydon Wetlands  (1062,3868)  (1115,3923)  (1172,3941)  (1119,3865)  (1176,3882)  (1076,3807)  (1133,3806)  (1190,3823)  (1018,3787)  (1076,3749)  (1017,3729)  (959,3753)  (1133,3748)  (1190,3765)  (1190,3707)  (1246,3672)  (1294,3616)
Old Slavenport  (4429,3204)  (4429,3146)  (4486,3155)  (4488,3213)  (4544,3152)  (4371,3147)  (4308,3211)  (4312,3153)  (4249,3204)  (4253,3145)  (4545,3209)
West Winterpass  (2145,4559)  (2087,4568)  (2029,4579)  (1971,4587)  (1913,4600)  (2202,4569)  (2146,4616)  (2205,4628)
East Samark  (4633,3369)  (4565,3278)  (4622,3310)  (4680,3312)  (4737,3327)  (4690,3384)  (4748,3384)  (4563,3336)  (4574,3393)  (4614,3450)  (4671,3441)  (4729,3442)  (4786,3490)
Eastern White Slopes  (2355,4441)  (2354,4499)  (2296,4447)  (2295,4505)  (2414,4441)  (2412,4499)  (2472,4436)  (2471,4493)  (2529,4412)  (2529,4469)  (2586,4424)  (2237,4441)  (2236,4499)  (2176,4498)  (2176,4439)  (2591,4366)
Samarkum  (4656,3117)  (4626,3059)  (4641,3175)  (4628,3232)  (4686,3252)  (4698,3194)  (4713,3136)  (4683,3012)  (4771,3129)  (4759,3189)  (4751,3251)
Wetwood  (2249,4246)  (2306,4203)  (2306,4260)  (2248,4303)  (2191,4246)  (2190,4303)  (2305,4317)  (2363,4224)  (2363,4281)  (2362,4338)  (2304,4375)  (2246,4362)  (2188,4362)  (2130,4341)  (2419,4378)  (2420,4319)  (2420,4261)  (2477,4282)  (2478,4339)  (2072,4344)  (2014,4348)  (1956,4353)  (1898,4347)  (1840,4334)  (2535,4328)
Crystal Strand  (4863,3158)  (4867,3100)  (4886,3216)  (4902,3274)  (4844,3274)  (4872,3042)  (4881,2983)  (4822,2966)  (4808,3062)  (4826,3332)  (4884,3333)  (4944,3333)  (4808,3389)  (4866,3390)  (4925,3391)  (4983,3390)  (5041,3404)  (4845,3447)  (4903,3449)  (4962,3450)  (5020,3485)  (5079,3464)  (5135,3422)
White Slopes  (1824,4498)  (1881,4483)  (1823,4440)  (1765,4491)  (1797,4556)  (1855,4556)  (1739,4550)  (1882,4424)  (1938,4527)  (1938,4468)  (1995,4433)  (1995,4490)  (2052,4506)  (2051,4448)  (2108,4442)  (2110,4500)
Scavenberg  (4561,3638)  (4560,3696)  (4501,3694)  (4503,3635)  (4587,3580)  (4529,3577)  (4445,3601)  (4443,3658)  (4442,3715)  (4384,3692)  (4385,3634)  (4619,3637)  (4617,3694)  (4674,3672)  (4675,3729)
Mid Samark  (4556,3487)  (4498,3495)  (4440,3527)  (4518,3429)  (4460,3438)  (4401,3468)  (4343,3504)  (4381,3561)  (4322,3561)  (4300,3618)
East Winterpass  (2556,4597)  (2556,4539)  (2499,4553)  (2613,4540)  (2613,4597)  (2498,4610)  (2621,4482)  (2658,4424)  (2715,4425)  (2556,4655)  (2614,4655)
Slavebridge  (4073,3465)  (4095,3408)  (4130,3479)  (4152,3421)  (4173,3363)  (4187,3494)  (4209,3436)  (4230,3378)  (4227,3318)  (4244,3499)  (4267,3439)  (4325,3443)  (4287,3380)  (4344,3385)  (4403,3386)  (4285,3320)  (4342,3325)  (4400,3329)  (4458,3309)  (4461,3366)
Winterpass  (2326,4594)  (2326,4651)  (2268,4594)  (2268,4651)  (2383,4595)  (2383,4652)  (2440,4595)  (2440,4652)
Scavendeep  (4778,3584)  (4788,3641)  (4729,3641)  (4719,3584)  (4660,3546)  (4753,3699)  (4835,3556)  (4894,3556)  (4846,3613)  (4895,3670)
Rimdell Backlands  (1657,4648)  (1658,4590)  (1600,4568)  (1599,4625)  (1541,4638)  (1715,4607)  (1715,4664)  (1772,4636)
Grand Peaks  (4964,3761)  (4963,3819)  (5021,3769)  (5021,3826)  (4906,3737)  (4904,3795)  (4845,3830)  (4846,3772)  (4820,3713)  (4788,3771)  (4728,3784)  (5079,3823)
Western White Slopes  (1597,4406)  (1539,4406)  (1654,4407)  (1582,4464)  (1640,4464)  (1697,4464)  (1711,4406)  (1683,4521)  (1596,4348)  (1538,4348)  (1480,4355)  (1653,4349)  (1710,4348)  (1504,4290)  (1422,4330)  (1445,4271)  (1365,4302)  (1767,4378)
Morassia Highlands  (4867,3960)  (4870,3900)  (4864,4018)  (4811,3890)  (4809,3947)  (4806,4004)  (4928,3890)  (4927,3947)  (4985,3945)  (4986,3884)  (4753,3872)  (4751,3930)  (4748,3987)  (5043,3921)  (5100,3935)
Rimdell Inlands  (1482,4518)  (1540,4535)  (1482,4576)  (1424,4549)  (1422,4490)  (1481,4458)  (1423,4431)  (1310,4356)  (1366,4384)
Kallingholt  (2151,4105)  (2152,4163)  (2094,4207)  (2094,4149)  (2093,4090)  (2036,4193)  (2035,4135)  (2150,4047)  (2092,4032)  (2034,4077)  (2034,4018)  (1976,4050)  (1976,3991)  (2032,3959)  (2091,3973)  (2083,4264)
Dathic Coast  (3963,2332)  (3906,2367)  (3963,2389)  (3848,2409)  (3906,2424)  (3978,2446)  (4035,2465)  (4092,2506)  (4149,2549)
Gelidost  (3840,4561)  (3782,4581)  (3782,4523)  (3840,4503)  (3897,4503)  (3898,4561)  (3840,4619)  (3898,4619)  (3718,4637)  (3724,4544)  (3724,4485)  (3932,4444)  (3956,4557)  (3918,4386)  (3666,4549)  (3665,4489)  (3606,4554)  (3570,4476)  (3626,4431)  (3859,4427)  (3988,4384)  (3990,4442)
Drake Peninsula  (4321,2692)  (4378,2714)  (4435,2720)  (4263,2695)  (4247,2637)  (4304,2634)  (4361,2632)  (4418,2643)  (4475,2635)  (4492,2709)  (4550,2703)  (4532,2645)  (4571,2587)  (4582,2529)  (4639,2505)
Antarctic Zone 8  (3749,4753)  (3806,4753)  (3747,4810)  (3804,4810)  (3806,4695)  (3747,4693)  (3689,4698)  (3691,4755)  (3690,4811)  (3863,4694)  (3863,4750)  (3862,4807)  (3920,4733)  (3919,4791)
Stormcrag  (3938,3621)  (3917,3678)  (3962,3563)  (3995,3505)  (3867,3735)  (3860,3792)
Antarctic Zone 7  (3558,4737)  (3500,4745)  (3615,4726)  (3491,4802)  (3549,4803)  (3607,4794)  (3607,4794)
Scorpion Coast  (4009,3925)  (3951,3882)  (3893,3852)  (4067,3934)  (4124,3947)  (4181,3956)  (4220,4013)
Antarctic Zone 6  (3310,4771)  (3309,4713)  (3366,4737)  (3367,4794)  (3252,4690)  (3252,4748)  (3252,4805)  (3423,4773)
Wild Mire  (4307,2815)  (4249,2803)  (4364,2805)  (4191,2798)  (4148,2855)  (4053,2888)  (4111,2913)  (4169,2913)  (4226,2876)  (4284,2872)  (4343,2872)  (4400,2863)
Dathiwatch  (4052,2723)  (4013,2665)  (3994,2723)  (4070,2664)  (4109,2723)  (4085,2780)  (4027,2781)  (3968,2781)  (3936,2723)  (3910,2781)  (4166,2726)  (4128,2664)  (4071,2606)  (4128,2606)  (4185,2664)  (3887,2838)  (3944,2839)  (4002,2839)  (3896,2896)  (3981,2897)
Antarctic Zone 9  (4047,4671)  (4038,4728)  (4096,4728)  (4104,4670)  (3989,4670)  (3999,4612)  (4056,4612)  (4113,4612)  (3979,4727)  (3982,4786)  (4040,4786)  (4098,4785)  (4160,4670)  (4155,4727)  (4079,4554)  (4155,4813)
Antarctic Zone 1  (2144,4780)  (2086,4779)  (2028,4779)  (1970,4780)  (1911,4806)  (2025,4720)  (1853,4813)  (2083,4719)  (2140,4722)  (2198,4722)  (2201,4814)
Wetshore  (4454,3934)  (4454,3991)  (4396,3972)  (4397,4029)  (4338,3986)  (4339,4044)  (4511,3912)  (4568,3883)  (4625,3863)  (4279,4031)  (4682,3847)
Antarctic Zone 5  (3129,4678)  (3070,4668)  (3186,4681)  (3063,4726)  (3122,4735)  (3178,4738)  (3061,4783)  (3118,4792)  (3176,4797)
Goldenheim  (4224,3834)  (4223,3891)  (4281,3933)  (4281,3875)  (4338,3871)  (4339,3928)  (4165,3884)  (4166,3825)  (4108,3802)  (4107,3859)  (4049,3866)  (4050,3808)  (4397,3891)
Antarctic Zone 4  (2906,4700)  (2848,4715)  (2964,4679)  (2846,4772)  (2905,4757)  (2964,4736)  (2964,4793)
Halefoss Mountains  (4455,3783)  (4459,3841)  (4398,3827)  (4397,3768)  (4339,3806)  (4339,3747)  (4281,3786)  (4281,3728)  (4223,3767)  (4512,3759)  (4516,3816)  (4573,3799)  (4630,3790)
Antarctic Zone 3  (2555,4775)  (2612,4775)  (2669,4775)  (2556,4717)  (2613,4717)  (2670,4718)  (2498,4717)  (2497,4774)  (2727,4718)  (2726,4814)
South Samark  (4083,3615)  (4024,3603)  (4141,3626)  (4054,3544)  (4112,3555)  (4169,3568)  (4227,3573)  (4199,3630)  (4217,3687)  (4158,3687)  (4100,3683)  (4041,3672)  (4099,3741)  (4041,3729)  (3983,3716)  (3963,3773)
Antarctic Zone 2  (2324,4775)  (2381,4776)  (2324,4718)  (2381,4718)  (2266,4718)  (2266,4775)  (2438,4718)  (2437,4814)
Kumbadur Hills  (3618,1785)  (3560,1798)  (3588,1855)  (3645,1843)  (3530,1856)  (3702,1830)  (3574,1912)  (3632,1912)  (3691,1900)  (3748,1887)  (3610,1970)  (3668,1969)  (3725,1957)
Maningscar  (1159,1221)  (1099,1205)  (1093,1262)  (1150,1279)  (1074,1319)  (1132,1336)  (1073,1376)  (1153,1393)  (1095,1433)  (1177,1162)  (1119,1146)  (1176,1103)  (1235,1106)  (1152,1450)
Halfling Meadows  (3908,1886)  (3850,1881)  (3965,1889)  (4023,1856)  (4023,1913)  (3964,1946)  (3906,1944)  (3848,1939)  (4081,1886)  (4080,1944)  (4021,1971)  (3821,1997)  (3878,2002)  (3936,2003)  (4085,1808)  (4143,1763)
Winterash  (1286,1643)  (1344,1666)  (1286,1701)  (1343,1608)  (1401,1626)  (1400,1568)  (1342,1549)  (1284,1584)  (1226,1594)  (1284,1526)  (1226,1533)  (1168,1527)  (1458,1608)
Ironhorn  (3680,1618)  (3803,1624)  (3738,1678)  (3740,1617)  (3680,1675)  (3796,1682)  (3674,1734)  (3861,1632)  (3921,1635)  (3735,1737)  (3807,1562)  (3717,1552)  (3857,1692)  (3915,1694)  (3795,1740)  (3855,1752)  (3777,1799)  (3836,1812)  (3913,1753)  (3972,1702)  (3971,1764)  (4027,1784)
Dolmarsh  (1347,1329)  (1355,1271)  (1330,1386)  (1404,1339)  (1290,1313)  (1297,1254)  (1272,1371)  (1388,1396)  (1412,1281)  (1214,1344)  (1232,1286)  (1239,1228)  (1296,1196)  (1355,1212)  (1413,1223)  (1236,1428)  (1293,1443)  (1351,1453)  (1409,1453)  (1461,1338)  (1470,1279)  (1447,1395)
Greyhood Holdings  (4210,1548)  (4151,1554)  (4227,1605)  (4168,1612)  (4225,1663)  (4166,1669)  (4093,1573)  (4108,1631)  (4035,1604)  (4049,1661)  (4108,1688)  (4049,1718)  (4248,1720)
Antarctic Zone 16  (5898,4778)  (5839,4784)  (5779,4787)  (5956,4797)  (5720,4764)  (5661,4808)  (5659,4747)  (6017,4808)  (6075,4812)
East Parnesis Desert  (3513,1577)  (3455,1553)  (3397,1528)  (3570,1585)  (3339,1506)  (3454,1610)  (3397,1586)  (3339,1564)  (3281,1486)  (3280,1544)  (3512,1634)  (3569,1642)  (3510,1692)  (3567,1700)
Badlands  (4155,3067)  (4213,3037)  (4212,3094)  (4154,3008)  (4096,2977)  (4096,3034)  (4097,3091)  (4038,3032)  (4039,3090)  (4097,3148)  (4038,3147)  (4154,3128)
Antarctic Zone 11  (4280,4746)  (4337,4745)  (4394,4746)  (4451,4745)  (4279,4803)  (4337,4803)  (4395,4803)  (4453,4803)  (4223,4745)  (4221,4802)  (4509,4745)  (4512,4802)
Antarctic Zone 10  (4336,4621)  (4336,4678)  (4393,4677)  (4393,4619)  (4278,4679)  (4278,4621)  (4221,4679)  (4221,4622)  (4371,4561)  (4428,4560)  (4450,4617)  (4450,4675)  (4508,4615)  (4507,4673)
Dusty Mountains  (3779,3505)  (3720,3522)  (3779,3563)  (3837,3529)  (3837,3471)  (3765,3447)  (3721,3579)  (3662,3539)  (3663,3596)  (3747,3389)  (3717,3330)  (3774,3331)  (3805,3389)  (3832,3330)  (3863,3389)  (3894,3458)
Antarctic Zone 15  (5332,4661)  (5273,4688)  (5331,4719)  (5389,4704)  (5448,4703)  (5505,4695)  (5272,4745)  (5330,4778)  (5389,4761)  (5448,4763)  (5506,4752)  (5564,4720)  (5271,4803)  (5507,4810)  (5566,4809)
Dathic South  (3879,3173)  (3879,3115)  (3937,3118)  (3939,3175)  (3844,3232)  (3820,3172)  (3819,3113)  (3761,3173)  (3759,3114)  (3701,3156)  (3701,3098)  (3643,3128)  (3642,3070)  (3583,3075)  (3528,3026)  (3902,3233)
Antarctic Zone 14  (5081,4695)  (5138,4693)  (5107,4752)  (5049,4752)  (5165,4750)  (5106,4810)  (5047,4809)  (5165,4807)
Dusty Heights  (4065,3307)  (4062,3249)  (4119,3207)  (4121,3264)  (4004,3263)  (4006,3321)  (3946,3288)  (3948,3345)  (3888,3299)  (3939,3402)  (3999,3380)  (4177,3198)  (4179,3255)
Antarctic Zone 13  (4909,4737)  (4909,4679)  (4851,4657)  (4852,4714)  (4966,4695)  (4966,4752)  (4908,4794)  (4850,4772)  (4966,4809)
Dathic East  (3836,2974)  (3758,3036)  (3815,3046)  (3872,3048)  (3893,2984)  (3950,2971)  (4007,2973)  (3929,3042)
Antarctic Zone 12  (4644,4690)  (4701,4690)  (4758,4691)  (4644,4747)  (4701,4747)  (4701,4747)  (4758,4749)  (4644,4804)  (4701,4805)  (4768,4633)  (4710,4632)  (4651,4630)  (4593,4628)  (4586,4685)  (4586,4742)  (4586,4800)  (4758,4806)
Dathic Hollows  (3667,2469)  (3609,2464)  (3725,2469)  (3666,2526)  (3724,2527)  (3607,2522)  (3551,2434)  (3551,2491)  (3548,2549)  (3782,2455)  (3782,2512)  (3781,2569)  (3723,2584)  (3664,2584)  (3606,2579)  (3839,2485)  (3839,2542)  (3838,2599)  (3896,2497)  (3896,2554)  (3895,2611)  (3953,2515)  (3953,2573)  (4011,2558)  (3873,2668)
Adamant Mines  (3136,2216)  (3078,2223)  (3193,2195)  (3083,2158)  (3025,2123)  (3020,2181)  (2962,2164)  (2904,2155)  (2847,2143)  (3129,2273)
Glassville  (1117,727)  (1097,670)  (1177,787)  (1234,786)  (1119,786)  (1177,845)  (1175,729)  (1119,844)  (1232,728)  (1234,844)  (1060,865)  (1061,807)  (1059,749)  (1226,670)  (1155,670)  (1288,686)  (1039,691)  (1001,749)  (1002,806)  (1291,743)
Dol Ulum  (3422,2074)  (3433,2016)  (3375,2014)  (3363,2073)  (3480,2074)  (3464,2132)  (3394,2140)  (3335,2130)  (3316,2013)  (3434,1958)  (3490,2014)  (3547,2009)  (3544,2066)  (3535,2124)  (3305,2071)  (3276,2129)  (3247,2048)  (3218,2129)  (3189,2059)  (3159,2116)  (3601,2064)  (3595,2122)
Strongnin  (1488,864)  (1456,807)  (1398,808)  (1429,865)  (1513,804)  (1371,865)  (1435,923)  (1545,864)  (1376,923)  (1570,800)  (1313,900)  (1340,806)  (1602,874)  (1627,816)  (1684,821)  (1742,828)  (1718,885)
Gnomen Lowland  (3844,2231)  (3902,2241)  (3844,2289)  (3785,2303)  (3785,2244)  (3913,2183)  (3854,2172)  (3796,2173)  (3737,2186)  (3798,2115)  (3738,2126)  (3679,2134)  (3856,2113)  (3913,2123)  (3790,2057)  (3732,2065)  (3673,2074)  (3971,2146)
Coldrock  (1538,618)  (1480,619)  (1595,620)  (1388,635)  (1427,692)  (1484,676)  (1541,676)  (1598,677)  (1369,693)  (1652,613)  (1655,671)  (1418,750)  (1484,733)  (1541,733)  (1599,734)  (1330,635)  (1552,542)  (1493,560)  (1435,544)  (1637,555)  (1656,728)
West Parnesis Desert  (2900,1577)  (2842,1602)  (2957,1553)  (3015,1530)  (2784,1618)  (2841,1659)  (2900,1634)  (2958,1611)  (3016,1589)  (2783,1675)  (3074,1589)  (3072,1528)  (3130,1523)  (3131,1581)  (3188,1519)  (3188,1577)
Iceburn  (1098,1024)  (1053,966)  (1110,965)  (1167,981)  (1156,1039)  (1224,1013)  (1281,978)  (1040,1023)  (982,1004)  (1036,1080)  (978,1061)  (920,1030)  (880,972)  (862,1030)  (920,1087)  (862,1087)  (804,1019)  (804,1088)  (852,1144)  (909,1144)  (794,1170)  (966,1142)
Faranwall  (3264,1705)  (3284,1646)  (3226,1645)  (3205,1705)  (3341,1673)  (3322,1730)  (3264,1763)  (3146,1748)  (3146,1690)  (3088,1745)  (3088,1688)  (3031,1745)  (3245,1821)  (3302,1820)  (3399,1714)  (3379,1772)  (3360,1830)  (3456,1725)  (3417,1829)  (3474,1782)
Faraway  (942,1324)  (948,1381)  (949,1438)  (1006,1358)  (1002,1300)  (943,1265)  (1001,1239)  (884,1302)  (884,1359)  (890,1417)  (826,1348)  (884,1244)  (825,1253)  (832,1446)  (889,1482)  (830,1530)  (1007,1417)
Barrenbor  (1034,1673)  (1094,1706)  (1092,1647)  (1033,1615)  (975,1644)  (1090,1588)  (1032,1557)  (974,1586)  (1151,1725)  (1151,1666)  (1149,1607)  (1089,1530)  (1031,1498)  (973,1527)  (915,1566)  (916,1623)  (1209,1728)
Mount Thoril  (3113,1984)  (3069,1926)  (3054,1984)  (3010,1925)  (2995,1982)  (3033,2041)  (3127,1925)  (3034,1866)  (3091,1867)  (3149,1866)  (3171,1984)  (3185,1926)  (3242,1897)  (3243,1955)  (3299,1894)  (3300,1951)  (3357,1903)  (3415,1897)  (3473,1899)  (3170,1807)  (3090,2070)
Sealonia  (1894,679)  (1951,662)  (1836,663)  (1951,719)  (1893,736)  (1835,721)  (1777,685)  (1776,742)  (1814,799)  (1871,793)  (1929,793)  (1921,850)  (1862,851)  (1859,908)  (1917,908)  (1970,604)  (2008,728)  (2065,716)  (2072,658)
Garwald  (2676,2030)  (2618,2034)  (2734,2003)  (2791,2043)  (2560,2022)  (2559,2079)  (2503,2016)  (2501,2073)  (2444,2030)  (2848,2028)  (2880,2085)  (2937,2056)
Fromont  (2159,941)  (2161,882)  (2102,882)  (2100,939)  (2160,999)  (2102,998)  (2043,884)  (2040,942)  (2042,999)  (2159,1057)  (2101,1055)  (2042,1056)  (2023,826)  (2080,825)  (2138,824)  (2195,824)  (2023,1113)  (2082,1114)
Maragorn  (2599,1926)  (2688,1869)  (2745,1865)  (2630,1868)  (2802,1878)  (2716,1926)  (2658,1927)  (2541,1944)  (2773,1935)  (2859,1892)  (2830,1949)  (2888,1949)
Stormwood  (1824,1267)  (1758,1258)  (1781,1143)  (1761,1200)  (1819,1205)  (1876,1186)  (1933,1158)  (1956,1098)  (1896,1099)  (1838,1126)  (1950,1039)  (1892,1040)  (1669,1212)  (1611,1238)
Mithrildon  (2913,1776)  (2909,1833)  (2851,1817)  (2855,1759)  (2912,1718)  (2969,1690)  (2793,1793)  (2735,1794)  (2677,1809)  (2945,1890)
Oldengard  (1555,1117)  (1613,1160)  (1554,1174)  (1496,1172)  (1496,1113)  (1555,1059)  (1613,1054)  (1496,1054)  (1670,1054)  (1643,996)  (1437,1050)  (1437,1107)  (1436,1166)  (1379,1021)  (1379,1078)  (1321,1116)  (1320,1058)  (1727,1047)  (1701,989)  (1784,1046)  (1759,988)  (1816,987)  (1873,990)
Ogreville  (3488,3339)  (3545,3336)  (3570,3276)  (3519,3396)  (3576,3394)  (3602,3335)  (3627,3276)  (3583,3216)  (3640,3216)  (3698,3220)  (3757,3257)
Dathic West  (3389,3013)  (3447,3013)  (3331,3046)  (3315,2988)  (3372,2955)  (3359,3104)  (3416,3072)  (3474,3080)  (3429,2954)  (3298,2930)  (3395,3162)  (3460,3137)  (3452,3194)
Dathic Jungle  (3646,2914)  (3687,3013)  (3629,2993)  (3571,2963)  (3633,2855)  (3575,2905)  (3574,2847)  (3512,2944)  (3516,2859)  (3458,2888)  (3703,2930)
Misty Forest  (3016,2411)  (2958,2411)  (2958,2353)  (3016,2352)  (3058,2294)  (3074,2352)  (3074,2410)  (2954,2468)  (3053,2518)  (3012,2468)
Robach  (3239,2323)  (3181,2338)  (3239,2380)  (3296,2331)  (3241,2265)  (3298,2273)  (3355,2317)  (3355,2258)  (3160,2395)  (3217,2438)  (3149,2452)  (3119,2509)
Mebach  (3413,2404)  (3423,2346)  (3470,2403)  (3480,2345)  (3355,2378)  (3479,2461)  (3420,2461)  (3354,2436)  (3423,2287)  (3480,2286)  (3296,2436)  (3258,2509)  (3316,2506)  (3373,2521)
Dathic North  (3681,2719)  (3656,2776)  (3661,2661)  (3623,2718)  (3738,2684)  (3738,2741)  (3714,2798)  (3575,2775)  (3565,2716)  (3603,2647)  (3545,2628)  (3507,2685)  (3506,2742)  (3701,2855)  (3795,2714)  (3771,2798)  (3828,2771)  (3828,2828)  (3758,2856)  (3816,2888)
Westerfoss  (3446,2606)  (3458,2548)  (3423,2663)  (3398,2720)  (3378,2777)  (3345,2834)  (3402,2834)  (3352,2891)
Silverdeep  (3173,2751)  (3173,2808)  (3230,2751)  (3168,2693)  (3226,2693)  (3230,2808)  (3287,2751)  (3286,2693)  (3156,2635)  (3214,2634)  (3271,2634)  (3165,2866)  (3328,2634)  (3139,2577)  (3196,2576)  (3253,2575)  (3310,2576)  (3223,2866)
Bahar Longcliff  (3011,2939)  (3068,2939)  (3089,2997)  (3090,2881)  (3031,2881)  (3041,2823)  (3099,2822)  (3096,2763)  (3037,2763)  (3029,2705)  (3087,2705)  (3089,2647)  (3030,2647)  (2971,2660)  (3065,2587)  (3006,2588)  (2948,2601)  (2960,2532)
Godheim  (2935,3107)  (2934,3049)  (2876,3014)  (2876,3072)  (2876,3129)  (2933,3164)  (2992,3083)  (2992,3140)  (2991,3198)  (3049,3171)  (2875,3186)  (2818,3041)  (2818,3098)  (2817,3156)  (2760,3092)  (2911,3244)
Godheim Pass  (3074,3292)  (3127,3345)  (3071,3347)  (3017,3290)  (3014,3345)  (3075,3235)  (3130,3289)  (2960,3315)  (3038,3401)  (3094,3405)  (3182,3353)  (3149,3408)  (3205,3408)
Low Mocrag  (3199,3093)  (3163,3035)  (3220,3035)  (3257,3092)  (3141,3094)  (3170,3151)  (3228,3150)  (3285,3150)  (3112,3151)  (3083,3092)  (3174,2977)  (3232,2977)  (3156,3209)
Rackelton  (3289,4207)  (3275,4264)  (3333,4273)  (3391,4263)  (3347,4204)  (3324,4145)  (3370,4087)  (3381,4145)  (3404,4203)  (3461,4196)  (3461,4196)
South Goronmok  (3546,4064)  (3502,4006)  (3488,4064)  (3429,4053)  (3443,3995)  (3400,3937)  (3493,4122)
North Goronmok  (3543,3793)  (3523,3850)  (3484,3772)  (3465,3830)  (3458,3888)  (3515,3909)  (3602,3803)  (3581,3861)  (3572,3919)  (3659,3841)  (3638,3898)  (3629,3955)  (3571,3976)  (3695,3918)  (3716,3859)  (3686,3976)  (3609,4033)  (3667,4034)
Orcengor  (3617,3668)  (3597,3726)  (3538,3693)  (3476,3687)  (3592,3608)  (3533,3634)  (3582,3550)  (3522,3574)  (3464,3627)  (3410,3646)  (3404,3587)  (3463,3567)  (3426,3509)  (3484,3508)  (3417,3449)  (3475,3448)
Kargol Keep  (3173,3544)  (3115,3544)  (3173,3602)  (3230,3544)  (3172,3486)  (3229,3486)  (3113,3486)  (3114,3602)  (3231,3602)  (3054,3484)  (3056,3541)  (3289,3563)  (3288,3621)  (3146,3660)  (3205,3661)
High Mocrag  (3402,3268)  (3362,3325)  (3344,3267)  (3334,3209)  (3276,3239)  (3286,3296)  (3218,3273)  (3419,3349)  (3303,3354)  (3460,3277)  (3360,3383)  (3302,3412)  (3358,3446)  (3228,3331)  (3347,3503)
Kargolia  (3271,3806)  (3240,3865)  (3214,3807)  (3181,3749)  (3238,3747)  (3297,3864)  (3329,3806)  (3296,3748)  (3386,3829)  (3354,3748)  (3411,3771)  (3412,3713)  (3354,3689)  (3295,3689)  (3355,3886)
Warg Caves  (3224,4075)  (3282,4075)  (3209,4016)  (3266,4017)  (3323,4016)  (3299,3958)  (3241,3957)  (3183,3956)  (3250,4133)
Pontic Desert  (1982,3196)  (1924,3196)  (2039,3219)  (1955,3253)  (1889,3137)  (1946,3138)  (2004,3137)  (2061,3160)  (2118,3146)  (2117,3086)  (2060,3100)  (2002,3078)  (1944,3079)  (1885,3079)  (1827,3058)  (2097,3217)
South Western Pontic Desert  (1669,3190)  (1611,3188)  (1648,3131)  (1705,3102)  (1727,3159)  (1620,3245)  (1677,3248)  (1734,3217)  (1553,3185)  (1734,3274)  (1763,3101)  (1786,3158)  (1791,3215)  (1848,3205)  (1792,3272)  (1849,3262)  (1792,3330)  (1849,3319)  (1906,3308)
Southern Pontic Desert  (2166,3509)  (2181,3451)  (2108,3507)  (2122,3449)  (2050,3474)  (1992,3461)  (2050,3416)  (2108,3389)  (2163,3332)  (2105,3331)  (2047,3358)  (1989,3403)  (1934,3475)  (1931,3417)  (1989,3345)  (2046,3300)  (2102,3274)  (2159,3273)  (2216,3274)
Bleak Borderlands  (2651,3243)  (2708,3241)  (2669,3300)  (2611,3300)  (2592,3242)  (2654,3357)  (2534,3256)  (2595,3184)  (2652,3185)  (2710,3183)  (2639,3127)  (2696,3125)  (2767,3183)
Bahars Landing  (2821,2676)  (2763,2658)  (2762,2715)  (2704,2656)  (2820,2734)  (2878,2713)  (2879,2771)  (2807,2792)  (2813,2849)  (2871,2828)  (2855,2906)  (2912,2885)  (2913,2942)
Bleak Wall  (2912,3410)  (2854,3410)  (2910,3352)  (2852,3352)  (2910,3468)  (2969,3417)  (2795,3403)  (2793,3345)  (2737,3405)  (2735,3346)  (2784,3287)  (2842,3288)  (2805,3229)  (2968,3475)
Godheim Reach  (2706,2992)  (2704,3049)  (2647,3002)  (2647,2943)  (2705,2932)  (2763,2946)  (2764,3003)  (2647,2885)  (2588,2888)  (2588,2945)  (2530,2884)  (2820,2963)
Surigard  (2351,3329)  (2296,3269)  (2353,3271)  (2410,3282)  (2408,3339)  (2293,3326)  (2467,3288)  (2465,3345)  (2524,3332)  (2258,3383)  (2315,3383)  (2372,3394)  (2312,3440)  (2369,3453)  (2430,3397)  (2427,3454)  (2484,3495)
Oboro Plains  (2659,2719)  (2601,2678)  (2715,2773)  (2657,2776)  (2599,2736)  (2687,2833)  (2598,2793)  (2541,2700)  (2540,2758)  (2483,2709)  (2426,2681)  (2745,2832)
Bahar Woods  (2456,2499)  (2513,2524)  (2397,2473)  (2570,2496)  (2570,2553)  (2627,2507)  (2628,2564)  (2635,2621)
Eastern Pontic Desert  (2491,3087)  (2549,3087)  (2468,3029)  (2525,3029)  (2582,3029)  (2495,2971)  (2433,3087)  (2382,3145)  (2440,3145)  (2498,3145)  (2361,3204)  (2419,3202)  (2477,3202)
Northern Wilds  (2003,2676)  (1944,2668)  (1885,2675)  (1839,2617)  (1897,2609)  (1954,2610)  (2011,2618)  (2061,2701)  (2068,2643)  (1804,2558)  (1862,2551)  (1919,2551)  (1977,2551)  (2034,2559)  (2091,2584)  (2148,2593)  (2126,2650)  (2206,2596)  (2184,2653)  (2119,2707)  (2116,2764)
Lost Mountains  (1774,2355)  (1791,2412)  (1848,2398)  (1831,2340)  (1774,2297)  (1716,2310)  (1716,2367)  (1733,2424)  (1764,2481)  (1821,2469)  (1905,2412)  (1889,2340)  (1946,2359)  (1831,2282)  (1888,2282)  (1945,2291)  (1879,2469)
East Lost Mountains  (2143,2454)  (2085,2495)  (2084,2436)  (2142,2396)  (2200,2434)  (2083,2347)  (2026,2483)  (2025,2423)  (1968,2475)  (2025,2365)  (2006,2307)  (2156,2512)
Dreadholm  (5403,2273)  (5427,2214)  (5368,2214)  (5412,2331)
Fane Island  (4468,1863)  (4525,1859)
Drake Island  (4732,2294)  (4733,2351)  (4790,2343)  (4721,2236)  (4664,2186)  (4678,2428)  (4735,2409)
Drakeling Island  (4560,2119)
Fairy Islet  (3606,2325)
Icenholm  (3957,605)  (3925,662)  (3982,547)
Whitebone Island  (3070,626)  (3127,599)  (3185,604)
Hells Crossing  (5854,2039)  (5796,2044)  (5871,2096)  (5813,2101)  (5865,2153)  (5807,2158)  (5851,2210)  (5754,2101)  (5738,2045)  (5680,2046)
Broken Peninsula  (6032,4472)  (6073,4420)  (5975,4496)  (6091,4478)  (6148,4503)  (6205,4526)  (6262,4548)  (6320,4563)  (6378,4593)
Mount Chaos  (5829,1806)  (5771,1808)  (5713,1803)  (5886,1810)  (5868,1867)  (5810,1873)  (5752,1865)  (5694,1860)  (5636,1864)  (5655,1805)  (5672,1746)  (5729,1746)  (5786,1748)  (5844,1746)  (5943,1817)
Crab Island  (4920,4206)  (4921,4263)  (4979,4260)
Cape Despair  (5893,2323)  (5950,2331)  (5904,2265)  (5961,2273)  (5917,2207)  (5974,2213)  (6019,2270)  (5862,2381)  (5804,2417)  (5818,2474)  (5760,2474)  (5717,2531)
Isle of Kings  (4948,2908)  (5005,2890)
Hellbrook  (5694,2240)  (5645,2298)  (5703,2298)  (5752,2240)  (5706,2181)  (5648,2174)  (5636,2233)  (5577,2223)  (5760,2299)  (5818,2298)  (5662,2355)  (5720,2355)  (5777,2357)  (5693,2412)  (5682,2469)
Doryan Enclave  (5289,2935)  (5231,2934)  (5173,2910)  (5339,2885)
Hells Bayou  (5735,1934)  (5677,1925)  (5680,1982)  (5619,1941)  (5561,1955)  (5534,2012)  (5522,2069)  (5579,2069)  (5635,2093)  (5557,2126)  (5497,2126)  (5498,2185)
Spectoria  (5524,1746)  (5466,1742)  (5482,1804)  (5540,1804)  (5581,1746)  (5448,1683)  (5506,1686)  (5563,1688)  (5620,1687)  (5454,1625)  (5482,1862)  (5539,1863)  (5512,1626)  (5569,1629)  (5448,1919)  (5626,1629)  (5482,1568)  (5457,1976)  (5438,2033)  (5417,2090)
West Bahar Woods  (2312,2373)  (2254,2385)  (2296,2315)  (2238,2327)  (2180,2314)  (2122,2281)  (2064,2263)  (2333,2430)
Kings Summit  (2335,2524)  (2277,2476)  (2277,2534)  (2219,2535)  (2346,2581)  (2403,2550)  (2404,2607)  (2461,2596)  (2518,2622)
North Eastern Pontic Desert  (2329,2710)  (2271,2683)  (2269,2624)  (2328,2650)  (2221,2741)  (2279,2768)  (2337,2768)  (2395,2757)  (2219,2799)  (2278,2828)  (2337,2825)  (2396,2814)  (2396,2871)  (2454,2797)  (2512,2820)  (2455,2855)
Pontic Salt Desert  (2312,2984)  (2320,2921)  (2377,2936)  (2369,2994)  (2254,2963)  (2260,2905)  (2435,2947)  (2196,3005)  (2255,3020)  (2312,3041)  (2370,3050)  (2325,3103)  (2266,3097)  (2208,3075)  (2298,3160)  (2241,3154)  (2183,3133)  (2181,3198)
The Witching Mountains  (6204,1727)  (6204,1669)  (6233,1784)  (6146,1721)  (6146,1663)  (6175,1785)  (6207,1842)  (6116,1779)  (6149,1843)  (6088,1721)  (6058,1778)  (6091,1835)  (6034,1834)  (6058,1892)  (6116,1902)
Southern Baldoria  (1733,2113)  (1675,2089)  (1732,2055)  (1790,2105)  (1789,2047)  (1731,1997)  (1673,2030)  (1615,2002)  (1616,2059)  (1558,2091)  (1557,2033)  (1500,2079)  (1442,2100)  (1846,2058)
South Witching Mountains  (6050,2001)  (6063,2061)  (6120,2062)  (6108,2003)  (6166,1990)  (6177,2047)  (6223,1988)  (6221,1929)  (6281,2000)  (6280,1941)  (6276,1880)  (6333,1873)  (6005,2059)  (6056,2119)  (5998,2119)  (5939,2131)  (5942,2073)  (5991,2001)  (5933,2015)  (6002,1943)  (5944,1944)  (5985,1885)  (6337,1959)
Northern Baldoria  (1705,1811)  (1647,1812)  (1763,1797)  (1762,1854)  (1704,1868)  (1646,1869)  (1588,1832)  (1588,1889)  (1530,1872)  (1821,1792)  (1820,1849)  (1878,1828)  (1647,1926)  (1704,1925)  (1761,1912)  (1819,1906)  (1878,1885)  (1935,1856)  (1826,1963)  (1882,1942)
East Witching Mountains  (6423,1738)  (6383,1795)  (6365,1737)  (6354,1679)  (6412,1679)  (6480,1706)  (6480,1763)  (6411,1852)  (6469,1820)  (6526,1856)  (6537,1798)  (6538,1739)  (6595,1770)  (6400,1620)  (6342,1620)  (6306,1796)  (6300,1738)  (6294,1681)  (6597,1831)
Baldor Castle  (2024,2000)  (2004,2057)  (2033,1942)  (1966,1988)  (2082,2022)  (1974,1929)  (1946,2046)  (2090,1963)  (2063,2079)
Great Combe  (6097,1524)  (6039,1537)  (6059,1594)  (5982,1545)  (6055,1651)  (5923,1554)  (6006,1709)  (5997,1650)  (5865,1567)  (5939,1636)  (5881,1637)  (5939,1693)  (5949,1751)
Baldorian Crossing  (2012,2164)  (2077,2147)  (2069,2204)  (2002,2221)  (1944,2203)  (1886,2225)  (1828,2229)  (2126,2205)  (2184,2231)
Hopeless Skerry  (6563,867)  (6505,868)  (6716,786)  (6676,843)  (6619,880)
Deadrock  (7170,2063)  (7160,2005)  (7217,1985)  (7227,2042)
Bluebeard Island  (7012,2316)  (7070,2321)  (7069,2262)  (6954,2315)  (6937,2373)  (7126,2258)  (7068,2203)  (7126,2199)  (7128,2316)
East Maroons  (6955,4624)  (7098,4560)  (6862,4669)
West Maroons  (6651,4662)  (6588,4658)  (6702,4719)
Lakelot  (5694,1541)  (5768,1418)  (5540,1373)  (5534,1431)  (5597,1395)  (5591,1452)  (5654,1419)  (5648,1488)  (5711,1421)  (5705,1478)  (5763,1475)  (5825,1415)  (5821,1473)  (5751,1532)  (5809,1532)
West Witching Mountains  (5951,1406)  (5893,1420)  (6008,1396)  (5996,1338)  (5938,1348)  (5880,1360)  (5822,1341)  (5948,1464)  (6006,1454)  (6066,1403)  (5889,1495)  (6064,1460)
Black Lake  (5129,3374)
Haunted Moorland  (6040,1124)  (6012,1181)  (6070,1182)  (5955,1161)  (5897,1165)  (5840,1169)  (5782,1172)  (5724,1187)  (6027,1238)
Misty Slopes  (5764,1278)  (5737,1355)  (5706,1294)  (5821,1255)  (5879,1252)  (5679,1352)  (5621,1324)  (5649,1265)  (5563,1299)  (5591,1242)  (5505,1276)  (5529,1220)  (5936,1257)
Bog of Eternal Stench  (6615,1589)  (6618,1647)  (6596,1531)  (6537,1489)  (6544,1431)  (6599,1470)  (6673,1592)  (6655,1532)  (6658,1474)  (6716,1484)  (6537,1548)  (6556,1605)  (6559,1662)  (6498,1633)  (6477,1575)  (6479,1517)  (6717,1541)
Hexmire  (6171,1311)  (6228,1312)  (6285,1305)  (6342,1296)  (6113,1285)  (6113,1342)  (6239,1370)  (6296,1362)  (6353,1375)  (6400,1300)  (6412,1356)
North Witching Mountains  (6230,1526)  (6287,1497)  (6229,1468)  (6287,1554)  (6172,1534)  (6170,1476)  (6229,1583)  (6172,1418)  (6344,1453)  (6344,1510)  (6401,1470)  (6458,1455)
Pool of Souls  (5216,1126)
Doomed Passage  (1626,2706)  (1628,2647)  (1568,2665)  (1568,2722)  (1683,2682)  (1686,2622)  (1743,2582)  (1743,2639)  (1741,2697)  (1510,2703)  (1489,2761)  (1547,2778)  (1587,2833)  (1502,2820)  (1798,2691)
Inland Sea  (5367,894)
West Lost Mountains  (1556,2533)  (1498,2578)  (1440,2631)  (1498,2635)  (1555,2591)  (1613,2568)  (1560,2475)  (1614,2510)  (1617,2451)  (1626,2393)  (1674,2469)  (1672,2526)
Loch Mordant  (5547,1531)
Trinity Coast  (1525,2307)  (1464,2266)  (1522,2248)  (1466,2324)  (1582,2287)  (1582,2344)  (1524,2365)  (1466,2381)  (1501,2438)  (1443,2437)  (1409,2494)  (1467,2494)  (1377,2551)  (1435,2551)  (1640,2303)
Lake Longtear  (5026,1330)  (5026,1330)
Ponticor  (1864,2789)  (1922,2777)  (1806,2790)  (1748,2769)  (1792,2847)  (1850,2848)  (1833,2905)  (1890,2905)  (1909,2845)  (1871,2963)  (1930,2962)  (1949,2902)  (1967,2841)  (1979,2783)  (2036,2781)  (2025,2839)  (2008,2897)  (1990,2960)  (2082,2844)  (2065,2901)  (2048,2958)  (2139,2851)  (2122,2908)  (2180,2909)  (2105,2966)
Forsaken Mountains  (5483,745)  (5482,687)  (5483,802)  (5541,760)  (5423,704)  (5424,761)  (5541,818)  (5483,860)  (5541,875)  (5599,744)  (5599,802)  (5599,859)  (5656,751)  (5657,809)  (5656,867)  (5656,924)  (5713,830)  (5713,889)
Putrid Pond  (6119,1606)
Necroloft  (6059,881)  (6026,937)  (5906,926)  (5966,938)  (5998,879)  (5847,907)  (5938,867)  (5878,847)  (5818,846)  (5977,808)  (5917,769)  (5857,787)  (5842,727)  (5796,787)  (5782,727)  (5722,728)  (5734,670)
Vile Deep  (5768,1649)
Blood Hills  (1292,2626)  (1234,2626)  (1298,2567)  (1350,2624)  (1239,2567)  (1244,2684)  (1301,2683)  (1358,2681)  (1358,2739)  (1300,2741)  (1242,2741)  (1184,2712)  (1126,2701)  (1118,2759)  (1175,2774)
Loch Wellness  (5294,3716)
Doomed Bridge  (1445,2932)  (1325,2941)  (1417,2873)  (1357,2883)  (1297,2884)  (1239,2910)  (1175,2851)  (1232,2852)  (1341,2825)  (1398,2815)  (1431,2756)  (1382,2950)
Lifeless Barrens  (5564,1063)  (5597,1120)  (5590,1178)  (5533,1149)  (5484,1091)  (5506,1032)  (5497,974)  (5426,1047)  (5439,988)  (5380,986)  (5322,1014)  (5263,1005)  (5205,1002)  (5203,944)  (5145,964)  (5647,1179)
Lake Moondeer  (5033,1566)
Western Pontic Desert  (1681,2965)  (1738,3003)  (1738,2945)  (1795,2980)  (1680,3023)  (1736,2887)  (1679,2906)  (1622,3066)  (1621,3006)  (1621,2947)  (1621,2888)  (1677,2848)  (1563,2898)  (1563,2955)  (1563,3012)  (1563,3070)  (1505,2888)  (1504,2991)  (1504,3049)  (1446,3009)  (1511,3125)
Sea Zone 54  (6552,3315)  (6493,3314)  (6609,3314)  (6550,3257)  (6667,3318)  (6436,3321)  (6494,3258)  (6607,3257)  (6724,3318)
Sea Zone 55  (7130,3525)  (7071,3492)  (7071,3549)  (7012,3526)  (7013,3584)  (7011,3468)  (6953,3502)  (6954,3561)  (6895,3536)  (6895,3593)  (6955,3620)  (6952,3444)  (6893,3477)  (6834,3513)  (6835,3571)  (6895,3653)  (6952,3678)  (7012,3643)  (7071,3608)  (7071,3665)  (7131,3584)  (7129,3467)  (7068,3432)  (7008,3410)  (6894,3418)  (6832,3453)  (6837,3631)  (6836,3690)  (7131,3642)  (7127,3408)  (7186,3447)  (7186,3507)  (7189,3567)  (7190,3629)  (7189,3687)
Sea Zone 52  (7183,2433)  (7124,2468)  (7181,2493)  (7241,2467)  (7238,2525)  (7241,2408)  (7299,2446)  (7299,2507)  (7296,2567)  (7237,2584)  (7178,2552)  (7120,2528)  (7061,2498)  (7059,2558)  (7261,2349)  (7284,2288)  (7322,2347)  (7116,2589)  (7055,2618)  (7000,2532)  (6994,2594)  (7120,2650)  (7345,2283)  (7311,2226)  (7181,2646)  (7181,2646)
Sea Zone 53  (7117,3071)  (7058,3037)  (7058,3094)  (7177,3039)  (7178,3098)  (7118,3130)  (7117,3011)  (7057,2979)  (7000,3013)  (6999,3071)  (6998,3129)  (7057,3154)  (7177,3157)  (7176,2981)  (7235,3019)  (7236,3076)  (7236,3135)  (7118,3188)  (7059,3212)  (7000,3187)  (6941,3227)  (6999,3245)  (7056,3271)  (7114,3249)  (6999,2953)  (6940,2917)  (6998,2893)  (7055,2920)  (7115,2951)  (7113,2891)  (7173,2920)  (7233,2954)  (7236,3195)  (7176,3217)  (7174,3275)
Sea Zone 58  (6424,3921)  (6366,3894)  (6365,3952)  (6424,3980)  (6483,3951)  (6481,3891)  (6423,3861)  (6363,3835)  (6305,3870)  (6306,3927)  (6365,4011)  (6306,3988)  (6248,4019)  (6247,3960)  (6246,3897)  (6247,3835)  (6189,3868)  (6187,3927)  (6188,3987)  (6425,4038)  (6483,4013)  (6541,4051)  (6541,3992)  (6541,3933)  (6539,3874)  (6480,3831)  (6539,3813)  (6599,3847)  (6599,3906)  (6600,3964)  (6603,4025)
Sea Zone 59  (5926,4017)  (5867,3979)  (5865,4037)  (5923,4077)  (5927,3957)  (5984,3991)  (5983,4051)  (5807,4009)  (5806,4066)  (5864,4098)  (5867,3920)  (5924,3898)  (5986,3932)  (5982,3874)  (5981,4109)  (5922,4135)  (5862,4156)  (5921,4194)  (5980,4167)  (6027,3815)  (5966,3814)  (5906,3835)  (5905,3776)  (5963,3755)  (6021,3756)  (5980,4227)  (5921,4253)  (5982,4289)
Sea Zone 56  (6475,3535)  (6416,3563)  (6474,3596)  (6533,3571)  (6534,3511)  (6415,3504)  (6414,3621)  (6356,3591)  (6357,3534)  (6592,3542)  (6592,3483)  (6534,3451)  (6475,3477)  (6417,3446)  (6356,3474)  (6298,3503)  (6298,3561)  (6356,3650)  (6297,3618)  (6299,3675)  (6240,3659)  (6183,3671)  (6415,3679)  (6472,3656)  (6531,3629)  (6592,3600)  (6591,3659)  (6592,3424)  (6651,3405)  (6650,3463)  (6649,3521)  (6650,3580)  (6652,3637)  (6649,3697)
Sea Zone 57  (7107,3920)  (7047,3892)  (7048,3953)  (7106,3981)  (6990,3982)  (6989,3922)  (6988,3863)  (6930,3894)  (6928,3953)  (6930,4013)  (7048,4011)  (6930,3834)  (6869,3871)  (6870,3929)  (6870,3989)  (6988,4041)  (7108,4039)  (7104,3862)  (7045,3835)  (6987,3805)  (6870,3811)  (6812,3843)  (6810,3903)  (6809,3961)  (6869,4047)  (6926,4073)  (7047,4072)  (7104,3802)  (7162,3832)  (7165,3893)  (7165,3952)  (7166,4010)  (7168,4070)
Gate of Illyria  (5608,3222)  (5558,3159)  (5615,3163)  (5666,3230)  (5592,3279)  (5650,3287)  (5569,3100)  (5546,3336)  (5603,3340)  (5660,3344)  (5724,3229)  (5708,3287)  (5578,3397)  (5636,3401)  (5717,3345)
Kingwood  (5750,3721)  (5808,3722)  (5790,3780)  (5732,3779)  (5691,3721)  (5674,3779)  (5722,3663)  (5780,3661)  (5838,3663)  (5768,3602)  (5826,3604)  (5634,3838)  (5692,3838)  (5750,3837)
Lionport  (6134,3447)  (6150,3561)  (6032,3547)  (6091,3555)  (6142,3503)  (6081,3495)  (6076,3436)  (6023,3487)  (6017,3430)  (6054,3377)  (5959,3424)  (5963,3482)  (5973,3540)  (5914,3583)  (5906,3525)  (5899,3465)  (5842,3505)  (5851,3557)  (5971,3599)
Lionian Plains  (5871,3336)  (5813,3336)  (5823,3393)  (5874,3278)  (5816,3278)  (5765,3397)  (5809,3451)  (5880,3394)  (5790,3222)  (5848,3222)  (5929,3302)  (5932,3360)  (5987,3317)  (5987,3317)
Sea Zone 61  (7124,4285)  (7066,4319)  (7065,4261)  (7181,4260)  (7182,4318)  (7123,4343)  (7123,4226)  (7065,4377)  (7064,4203)  (7005,4235)  (7008,4292)  (7006,4351)  (6947,4323)  (6946,4263)  (6887,4287)  (6948,4381)  (6889,4344)  (6946,4204)  (6886,4228)  (7007,4408)  (6889,4403)  (6829,4374)  (6830,4316)  (6827,4255)  (6826,4196)  (6886,4167)  (7005,4174)  (7180,4201)  (7184,4377)  (7126,4402)  (7245,4407)
Sea Zone 62  (7083,4672)  (7142,4642)  (7142,4702)  (7084,4732)  (7026,4701)  (7038,4613)  (7009,4554)  (6951,4512)  (6892,4554)  (6832,4529)  (6832,4589)  (6966,4740)  (7024,4762)  (6907,4765)  (6847,4792)  (6968,4800)  (7082,4791)  (7144,4762)  (7203,4730)  (7201,4668)  (7202,4609)  (7261,4571)  (7260,4629)  (7260,4689)  (7261,4747)  (7204,4788)  (7318,4611)  (7318,4669)  (7318,4728)  (7319,4789)  (7320,4551)  (7379,4515)  (7376,4574)  (7377,4631)  (7377,4690)  (7377,4748)
Sea Zone 60  (6413,4292)  (6388,4234)  (6354,4292)  (6387,4350)  (6445,4351)  (6447,4233)  (6471,4293)  (6329,4230)  (6294,4287)  (6324,4350)  (6265,4345)  (6364,4409)  (6300,4410)  (6425,4408)  (6503,4353)  (6485,4412)  (6269,4229)  (6235,4286)  (6210,4226)  (6248,4169)  (6305,4169)  (6364,4171)  (6423,4172)  (6481,4171)  (6506,4229)  (6530,4287)  (6565,4230)  (6206,4345)  (6175,4284)  (6240,4405)  (6561,4347)  (6587,4288)  (6620,4345)  (6547,4410)  (6604,4409)
Caves of the Giant Lion  (6506,3078)  (6448,3081)  (6390,3072)  (6563,3061)  (6368,3129)  (6425,3139)  (6483,3138)  (6385,3014)  (6442,3013)  (6499,3020)  (6556,3003)  (6540,3135)  (6598,3118)  (6538,3192)  (6595,3176)
Freegrass  (6245,3325)  (6188,3324)  (6302,3288)  (6244,3267)  (6186,3265)  (6128,3300)  (6128,3242)  (6070,3227)  (6011,3222)  (6070,3169)  (6128,3184)  (6185,3207)  (6243,3205)  (6302,3230)  (6360,3201)  (6360,3259)  (6417,3215)  (6303,3346)
Illyria  (5731,2812)  (5743,2753)  (5709,2693)  (5769,2693)  (5742,2633)  (5734,2871)  (5734,2932)  (5709,2992)  (5673,2929)  (5648,2989)  (5682,3052)  (5622,3050)  (5827,2675)
Jade Rivers  (5836,3054)  (5778,3054)  (5799,2996)  (5857,2996)  (5849,3112)  (5791,3112)  (5733,3111)  (5673,3162)  (5914,2994)  (5911,3052)  (5930,3110)  (5971,2992)  (5731,3169)  (5789,3169)  (5846,3170)  (5942,3169)
Lion Heights  (6150,3043)  (6092,3041)  (6119,2982)  (6176,2985)  (6233,2995)  (6207,3052)  (6149,3100)  (6206,3110)  (6091,3099)  (6290,3012)  (6263,3069)  (6320,3070)  (6034,3049)  (6032,3106)  (6265,3126)
Jade Mountains  (5916,2843)  (5973,2851)  (6031,2852)  (5915,2900)  (5972,2908)  (6030,2909)  (5857,2929)  (5857,2871)  (5858,2812)  (5915,2782)  (5857,2753)  (6040,2965)
Sea Zone 65  (4884,4396)  (4826,4362)  (4825,4422)  (4943,4422)  (4941,4364)  (4885,4453)  (4883,4337)  (4766,4387)  (5001,4391)  (4766,4329)  (4825,4300)  (4766,4268)  (4708,4303)  (4707,4358)  (4943,4481)  (5002,4450)  (4706,4243)  (4650,4327)  (4647,4269)  (5061,4427)  (5060,4369)  (5121,4399)  (5119,4458)  (5061,4484)  (5002,4510)  (4943,4538)  (5002,4571)
Sea Zone 66  (4282,4278)  (4340,4311)  (4279,4337)  (4221,4307)  (4220,4247)  (4279,4218)  (4339,4250)  (4398,4285)  (4337,4370)  (4278,4396)  (4220,4366)  (4161,4334)  (4163,4273)  (4219,4188)  (4160,4212)  (4338,4190)  (4100,4240)  (4102,4298)  (4161,4391)  (4160,4154)  (4101,4180)  (4218,4425)  (4101,4120)  (4397,4223)  (4458,4260)  (4400,4344)  (4342,4431)
Sea Zone 63  (6175,4652)  (6233,4684)  (6291,4717)  (6116,4673)  (6173,4710)  (6231,4747)  (6350,4681)  (6350,4740)  (6117,4612)  (6057,4644)  (6409,4713)  (6466,4678)  (6469,4737)  (6407,4772)  (6291,4776)  (6113,4732)  (6053,4701)  (6055,4587)  (6503,4586)  (6560,4551)  (6502,4526)  (6443,4533)  (6615,4516)  (6618,4573)  (6673,4533)  (6470,4797)  (6528,4763)
Sea Zone 64  (5576,4516)  (5633,4549)  (5574,4575)  (5514,4546)  (5517,4485)  (5575,4458)  (5634,4487)  (5692,4526)  (5456,4519)  (5458,4459)  (5518,4425)  (5454,4576)  (5395,4549)  (5396,4491)  (5399,4432)  (5459,4401)  (5340,4462)  (5340,4524)  (5283,4496)  (5340,4403)  (5281,4436)  (5692,4585)  (5632,4609)  (5750,4558)  (5752,4617)  (5691,4645)  (5809,4588)
Sea Zone 69  (2631,4012)  (2605,4070)  (2571,4010)  (2602,3951)  (2661,3952)  (2690,4010)  (2666,4071)  (2721,3952)  (2686,3893)  (2626,3892)  (2567,3891)  (2542,3950)  (2507,3890)  (2745,3892)  (2781,3950)  (2805,3888)  (2864,3920)  (2864,3862)  (2925,3895)  (2983,3857)  (2984,3916)  (3043,3882)  (2546,4068)  (2512,4009)  (2486,4067)  (2510,4127)  (2569,4127)  (2630,4128)  (2690,4131)  (2537,4186)  (2596,4187)  (2607,4244)  (2656,4188)  (2668,4247)
Sea Zone 67  (3626,4285)  (3683,4253)  (3623,4226)  (3564,4255)  (3566,4315)  (3503,4297)  (3506,4356)  (3446,4388)  (3682,4193)  (3742,4229)  (3685,4313)  (3743,4288)  (3626,4347)  (3462,4446)  (3404,4446)  (3387,4385)  (3346,4442)  (3741,4167)  (3800,4261)  (3801,4201)  (3801,4141)  (3776,4081)  (3833,4081)  (3859,4139)  (3860,4196)  (3918,4162)  (3436,4505)  (3375,4506)  (3405,4567)
Sea Zone 68  (2997,4341)  (2940,4366)  (2937,4306)  (2996,4280)  (3055,4313)  (3056,4374)  (2995,4400)  (2934,4427)  (2876,4396)  (2878,4336)  (3115,4348)  (3116,4288)  (3056,4252)  (2995,4218)  (2936,4247)  (2877,4275)  (2818,4312)  (2815,4371)  (3114,4227)  (3054,4192)  (2994,4158)  (3055,4129)  (3115,4166)  (2874,4456)  (2814,4489)  (2874,4518)  (2934,4491)
Wilderpoint  (6793,2836)  (6735,2855)  (6724,2796)  (6782,2779)  (6803,2894)  (6745,2912)  (6687,2913)  (6763,2721)  (6802,2663)  (6827,2604)  (6843,2546)  (6629,2940)  (6640,2997)  (6697,2971)  (6806,2951)  (6864,2975)
Farhaven  (6734,3125)  (6735,3183)  (6792,3175)  (6791,3117)  (6677,3229)  (6677,3171)  (6676,3115)  (6734,3066)  (6676,3057)  (6773,3009)  (6791,3064)  (6848,3032)  (6848,3089)  (6849,3146)  (6866,3203)
Lost Furlongs  (4970,1790)  (4913,1830)  (4912,1773)  (5027,1778)  (5027,1835)  (5084,1787)  (5085,1844)  (4854,1757)  (4854,1813)  (4797,1827)  (4796,1884)  (4853,1870)  (4954,1931)  (5010,1894)
Grimholt  (4766,1997)  (4809,2054)  (4819,2111)  (4666,1919)  (4723,1939)  (4779,1939)  (4823,1995)  (4867,2052)  (4880,1993)  (4924,2053)  (4876,2110)  (4933,2111)
Sea Zone 72  (3741,3748)  (3761,3694)  (3707,3693)  (3770,3801)  (3715,3802)  (3687,3746)  (3794,3747)  (3815,3675)  (3762,3640)  (3816,3621)  (3869,3591)  (3806,3854)
Greenshore  (6419,2933)  (6361,2951)  (6476,2937)  (6303,2939)  (6533,2911)  (6245,2917)  (6590,2882)  (6187,2893)  (6129,2874)  (6648,2839)
Sea Zone 70  (2697,3618)  (2756,3652)  (2696,3677)  (2638,3650)  (2638,3591)  (2696,3558)  (2756,3590)  (2814,3625)  (2816,3566)  (2755,3529)  (2695,3498)  (2635,3532)  (2635,3471)  (2576,3505)  (2577,3565)  (2579,3627)  (2518,3594)  (2519,3652)  (2577,3685)  (2636,3709)  (2817,3685)  (2874,3603)  (2875,3662)  (2518,3712)  (2576,3748)  (2934,3633)  (2638,3767)
Sea Zone 71  (2246,3792)  (2305,3826)  (2245,3851)  (2186,3822)  (2186,3764)  (2244,3734)  (2304,3768)  (2303,3709)  (2128,3795)  (2127,3853)  (2184,3880)  (2303,3886)  (2243,3910)  (2244,3676)  (2302,3649)  (2270,3590)  (2328,3589)  (2296,3530)  (2360,3650)  (2362,3712)  (2366,3774)  (2364,3835)  (2363,3894)  (2303,3945)  (2245,3968)  (2304,4004)
Bridge of No Return  (5364,1536)  (5363,1478)  (5421,1479)  (5422,1536)  (5391,1593)  (5304,1438)  (5305,1495)  (5306,1552)  (5314,1609)  (5248,1571)  (5247,1513)  (5246,1456)  (5188,1432)  (5188,1489)  (5189,1547)  (5130,1526)  (5129,1468)  (5129,1410)  (5371,1650)
Duskwick  (4801,1609)  (4801,1666)  (4743,1631)  (4744,1573)  (4801,1551)  (4858,1672)  (4859,1614)  (4858,1556)  (4743,1514)  (4685,1464)  (4742,1456)  (4801,1494)  (4858,1499)  (4916,1479)  (4915,1537)  (4973,1505)  (4915,1594)  (4915,1652)  (4916,1709)  (4972,1696)
Mount Terror  (4479,1522)  (4443,1464)  (4500,1464)  (4536,1521)  (4474,1579)  (4531,1578)  (4588,1579)  (4593,1521)  (4557,1463)  (4385,1418)  (4442,1406)  (4499,1406)  (4556,1405)  (4436,1348)  (4493,1347)  (4550,1348)  (4650,1526)  (4645,1584)
Wild Arids  (5176,1691)  (5118,1719)  (5233,1715)  (5233,1657)  (5175,1632)  (5117,1661)  (5290,1748)  (5290,1690)  (5060,1716)  (5059,1658)  (5110,1603)  (5001,1630)  (5347,1715)  (5347,1772)  (5404,1772)
Troll Mountains  (4804,1332)  (4746,1321)  (4687,1327)  (4861,1309)  (4861,1367)  (4803,1389)  (4745,1379)  (4687,1384)  (4629,1408)  (4628,1350)  (4629,1291)  (4687,1269)  (4744,1262)  (4803,1274)  (4571,1280)  (4918,1330)  (4917,1387)  (4974,1372)  (4975,1429)  (5031,1388)  (5035,1445)
Sea Zone 38  (3600,2262)  (3610,2203)  (3658,2260)  (3668,2201)  (3550,2202)  (3491,2201)  (3684,2318)  (3609,2379)  (3668,2382)  (3726,2377)  (3433,2199)  (3376,2203)  (3785,2376)
Sea Zone 39  (5176,2064)  (5205,2123)  (5145,2122)  (5234,2063)  (5200,2004)  (5141,2004)  (5116,2062)  (5234,1945)  (5257,2004)  (5084,2120)  (5294,1944)  (5261,1884)  (5321,1883)  (5044,2178)  (5103,2180)  (5162,2181)  (5221,2182)  (5264,2123)  (4985,2177)  (4924,2217)  (4863,2238)  (4982,2238)  (5039,2240)  (5098,2242)  (5164,2243)
Sea Zone 32  (4226,1250)  (4285,1220)  (4283,1279)  (4224,1309)  (4225,1190)  (4167,1221)  (4166,1279)  (4342,1256)  (4343,1197)  (4166,1161)  (4223,1132)  (4164,1102)  (4107,1182)  (4105,1121)  (4104,1061)  (4283,1159)  (4401,1228)  (4165,1339)  (4285,1338)  (4225,1367)  (4163,1397)  (4107,1244)  (4223,1427)  (4282,1414)  (4284,1472)
Sea Zone 33  (4225,456)  (4164,426)  (4222,394)  (4283,425)  (4165,488)  (4287,487)  (4225,514)  (4283,362)  (4162,365)  (4222,336)  (4281,304)  (4342,336)  (4340,277)  (4346,522)  (4285,545)  (4162,547)  (4104,460)  (4102,401)  (4223,574)  (4165,607)  (4101,582)  (4103,642)  (4044,669)  (4345,462)  (4163,667)
Sea Zone 30  (3702,572)  (3643,540)  (3642,598)  (3701,631)  (3761,606)  (3701,512)  (3761,542)  (3583,572)  (3821,578)  (3582,513)  (3520,545)  (3520,605)  (3458,570)  (3461,508)  (3821,516)  (3881,547)  (3880,486)  (3821,453)  (3881,423)  (3941,453)  (3521,480)  (3759,481)  (3581,631)  (3640,660)  (3701,692)
Sea Zone 31  (3852,1256)  (3881,1313)  (3822,1313)  (3793,1254)  (3821,1195)  (3879,1196)  (3909,1255)  (3939,1313)  (3913,1372)  (3851,1372)  (3792,1373)  (3763,1313)  (3734,1253)  (3761,1195)  (3792,1136)  (3852,1136)  (3819,1077)  (3759,1076)  (3728,1017)  (3732,1135)  (3972,1372)  (3819,1432)  (3878,1432)  (3937,1431)  (3905,1492)
Sea Zone 36  (4394,1766)  (4367,1824)  (4308,1855)  (4367,1885)  (4306,1914)  (4246,1881)  (4365,1945)  (4452,1750)  (4510,1732)  (4246,1940)  (4305,1972)  (4246,1998)  (4188,2029)  (4129,2058)  (4188,2090)  (4246,2058)  (4304,2030)  (4364,2004)  (4362,2063)  (4423,1977)  (4422,2039)  (4568,1756)  (4568,1696)  (4627,1730)  (4627,1789)  (4483,2015)
Sea Zone 37  (4343,2329)  (4400,2363)  (4400,2303)  (4285,2292)  (4283,2349)  (4224,2319)  (4459,2341)  (4458,2400)  (4459,2281)  (4342,2270)  (4340,2387)  (4223,2377)  (4227,2260)  (4165,2287)  (4164,2345)  (4518,2313)  (4167,2226)  (4104,2314)  (4107,2254)  (4517,2371)  (4399,2242)  (4516,2255)  (4575,2333)  (4576,2275)  (4164,2403)  (4224,2435)  (4281,2407)  (4281,2466)
Sea Zone 34  (2396,2183)  (2426,2241)  (2366,2241)  (2337,2181)  (2454,2181)  (2424,2123)  (2366,2123)  (2512,2150)  (2513,2209)  (2484,2267)  (2426,2301)  (2366,2301)  (2278,2220)  (2277,2159)  (2307,2100)  (2245,2039)  (2246,2098)  (2185,2026)  (2185,2086)  (2216,2157)  (2573,2145)  (2631,2116)  (2633,2175)  (2573,2202)  (2571,2260)  (2632,2237)  (2384,2361)
Sea Zone 35  (2771,2415)  (2738,2356)  (2796,2356)  (2831,2417)  (2802,2475)  (2743,2475)  (2712,2413)  (2678,2351)  (2652,2413)  (2743,2295)  (2801,2295)  (2740,2236)  (2619,2347)  (2592,2406)  (2799,2232)  (2743,2173)  (2559,2346)  (2530,2407)  (2860,2245)  (2860,2303)  (2919,2271)  (2860,2477)  (2864,2538)  (2804,2534)  (2743,2533)  (2714,2589)
Sea Zone 40  (5119,2443)  (5061,2473)  (5060,2412)  (5177,2476)  (5178,2415)  (5120,2383)  (5118,2503)  (5001,2442)  (5002,2501)  (5000,2381)  (4941,2408)  (4942,2468)  (4881,2436)  (4882,2375)  (4822,2434)  (4881,2497)  (5236,2450)  (5239,2389)  (5300,2427)  (4940,2527)  (5060,2534)  (5177,2536)  (5296,2486)  (5236,2509)  (5294,2545)
Sea Zone 49  (6419,1036)  (6360,1061)  (6359,1001)  (6418,975)  (6478,1003)  (6480,1063)  (6421,1095)  (6362,1121)  (6300,1093)  (6299,1031)  (6359,942)  (6299,967)  (6358,884)  (6299,908)  (6238,944)  (6238,1002)  (6240,1062)  (6178,974)  (6179,1034)  (6239,1121)  (6178,1094)  (6300,1153)  (6360,1181)  (6420,1156)  (6480,1125)
Sea Zone 43  (5074,3085)  (5015,3053)  (5014,3111)  (5071,3144)  (5133,3121)  (5132,3065)  (5073,3025)  (5015,2994)  (5130,3007)  (5013,3169)  (4956,3080)  (4957,3022)  (5192,3035)  (5191,3093)  (5072,2965)  (5131,3180)  (5072,3203)  (5012,3227)
Sea Zone 44  (5540,2699)  (5482,2669)  (5598,2730)  (5598,2672)  (5481,2728)  (5539,2640)  (5597,2610)  (5480,2609)  (5538,2580)  (5597,2549)  (5478,2548)  (5537,2518)  (5541,2757)  (5601,2790)  (5480,2790)  (5540,2817)  (5656,2618)  (5476,2487)  (5533,2455)  (5595,2489)  (5474,2426)  (5480,2849)  (5542,2877)  (5480,2909)  (5423,2966)
Sea Zone 41  (4990,2726)  (5049,2697)  (5048,2756)  (4931,2758)  (4931,2697)  (4990,2667)  (4987,2785)  (5107,2730)  (5106,2672)  (5165,2704)  (4870,2728)  (5165,2762)  (5105,2789)  (4929,2817)  (4871,2787)  (4811,2763)  (4810,2701)  (4871,2667)  (4808,2641)  (4747,2672)  (4749,2732)  (4750,2792)  (4808,2823)  (4864,2846)  (5165,2820)
Sea Zone 42  (4511,2948)  (4541,2890)  (4568,2949)  (4453,2983)  (4394,3019)  (4395,2958)  (4452,2924)  (4512,3007)  (4453,3042)  (4336,2991)  (4600,2890)  (4627,2949)  (4567,2830)  (4509,2829)  (4278,2963)  (4335,3048)  (4511,3066)  (4571,3010)  (4625,2831)  (4658,2891)  (4451,2801)  (4687,2948)
Sea Zone 47  (6870,2003)  (6810,1969)  (6810,2028)  (6750,1999)  (6870,2062)  (6930,2037)  (6931,1976)  (6869,1942)  (6749,1940)  (6690,1968)  (6631,1940)  (6690,2027)  (6750,2061)  (6809,2088)  (6868,2122)  (6927,1916)  (6931,2098)  (6927,2158)  (6867,2182)  (6989,2129)  (6992,2068)  (6991,2010)  (6990,1949)  (6987,1888)  (7048,1892)
Sea Zone 48  (6954,1454)  (6895,1485)  (6894,1423)  (6955,1392)  (6894,1363)  (6834,1386)  (6954,1516)  (6893,1547)  (6833,1585)  (6894,1607)  (6953,1577)  (7013,1546)  (7015,1485)  (7016,1424)  (6953,1331)  (6892,1301)  (6833,1325)  (6771,1356)  (6834,1643)  (6952,1636)  (6894,1667)  (6773,1680)  (6832,1704)  (6892,1728)  (6953,1704)
Sea Zone 45  (6083,2588)  (6023,2557)  (6023,2617)  (6142,2622)  (6141,2561)  (6080,2530)  (6083,2647)  (6022,2498)  (5965,2533)  (5966,2590)  (5906,2570)  (6081,2469)  (6141,2682)  (6201,2659)  (6081,2705)  (6140,2741)  (6199,2718)  (6141,2501)  (6021,2436)  (6080,2405)  (6101,2346)  (6139,2441)  (6200,2597)  (5966,2648)  (6199,2778)  (6199,2778)
Sea Zone 46  (6485,2367)  (6426,2325)  (6544,2403)  (6485,2306)  (6546,2341)  (6483,2425)  (6425,2385)  (6363,2349)  (6604,2384)  (6605,2443)  (6543,2462)  (6483,2485)  (6423,2446)  (6364,2411)  (6543,2522)  (6603,2503)  (6663,2477)  (6365,2288)  (6304,2374)  (6303,2310)  (6363,2469)  (6422,2505)  (6482,2543)  (6421,2564)  (6479,2602)
Sea Zone 50  (6617,528)  (6557,501)  (6676,561)  (6675,500)  (6615,587)  (6555,560)  (6616,465)  (6555,440)  (6675,436)  (6734,473)  (6738,537)  (6495,536)  (6494,593)  (6556,622)  (6613,403)  (6553,378)  (6613,345)  (6674,375)  (6736,411)  (6735,349)  (6672,315)  (6674,622)  (6613,647)  (6494,652)  (6556,710)
Sea Zone 51  (5756,1038)  (5696,1012)  (5697,1070)  (5638,1018)  (5584,961)  (5757,978)  (5757,1097)  (5814,1079)  (5814,1018)  (5872,1015)  (5873,1075)  (5931,1055)
Mining Pool  (2977,1818)
Sea Zone 18  (215,609)  (246,550)  (184,549)  (154,608)  (179,673)  (239,671)  (275,612)  (307,547)  (124,544)  (117,672)  (302,673)  (245,489)  (183,492)  (181,733)  (238,732)  (336,610)  (96,608)  (307,484)  (123,479)  (115,730)  (301,733)  (136,790)  (198,796)  (214,428)  (258,789)
Lake Mudspit  (3662,3459)
Sea Zone 19  (770,628)  (798,566)  (736,566)  (708,627)  (735,686)  (796,688)  (832,627)  (858,566)  (856,689)  (674,689)  (647,625)  (615,683)  (639,747)  (699,748)  (758,745)  (820,748)  (775,506)  (834,505)  (896,503)  (916,562)  (893,626)  (578,744)  (596,807)  (653,808)  (713,808)
Tarn Myrin  (1662,3652)
Sea Zone 16  (387,1473)  (417,1531)  (360,1413)  (445,1471)  (419,1412)  (356,1532)  (328,1472)  (294,1529)  (269,1470)  (297,1413)  (237,1411)  (205,1470)  (232,1529)  (264,1587)  (324,1588)  (389,1591)  (383,1356)  (323,1354)  (265,1350)  (177,1411)  (201,1350)  (446,1351)  (478,1410)  (479,1410)  (506,1471)  (479,1529)  (451,1589)  (538,1410)  (565,1468)  (537,1529)  (511,1587)  (204,1588)  (173,1528)  (145,1469)  (570,1587)  (570,1587)
High Mere  (1391,4195)
Sea Zone 17  (333,1101)  (304,1158)  (362,1158)  (392,1100)  (359,1042)  (299,1041)  (275,1098)  (244,1157)  (215,1097)  (236,1037)  (177,1038)  (155,1097)  (183,1156)  (421,1160)  (451,1100)  (422,1041)  (384,982)  (323,983)  (262,978)  (202,979)  (124,1157)  (157,1215)  (215,1216)  (273,1217)  (335,1220)  (96,1097)  (117,1038)  (142,979)  (98,1217)  (63,1155)  (479,1159)  (482,1041)  (509,1102)  (396,1219)  (456,1222)
Lake Bryol  (1785,1099)
Lake Doom  (1665,2752)
Ice Basin  (1241,917)
Loch Hedan  (1558,957)
Sea Zone 10  (185,2690)  (245,2726)  (245,2665)  (184,2752)  (121,2716)  (182,2628)  (124,2657)  (241,2605)  (305,2693)  (302,2634)  (61,2690)  (64,2631)  (125,2598)  (182,2569)  (240,2547)  (298,2577)  (361,2607)  (364,2671)  (362,2731)  (303,2752)  (244,2785)  (184,2812)  (124,2778)  (63,2749)  (65,2806)  (122,2839)  (179,2873)  (241,2843)  (302,2812)  (361,2791)  (65,2570)  (122,2539)
Sea Zone 11  (680,2640)  (655,2697)  (621,2639)  (653,2581)  (711,2579)  (738,2638)  (770,2579)  (594,2578)  (627,2519)  (561,2636)  (588,2698)  (528,2693)  (625,2756)  (560,2756)  (499,2753)  (688,2520)  (751,2518)  (813,2519)  (829,2577)  (800,2637)  (859,2635)  (887,2574)  (873,2515)  (932,2509)  (945,2569)  (1005,2608)  (1002,2547)  (1061,2552)  (1064,2610)  (1121,2582)  (532,2574)  (478,2810)  (537,2814)  (498,2869)  (498,2869)
Sea Zone 14  (789,1877)  (848,1843)  (846,1900)  (788,1934)  (730,1900)  (788,1818)  (731,1839)  (670,1872)  (906,1867)  (907,1924)  (848,1959)  (729,1957)  (671,1932)  (610,1907)  (613,1965)  (672,1990)  (788,1992)  (729,2015)  (613,1846)  (553,1872)  (552,1934)  (553,1994)  (609,2025)  (667,2049)  (726,2076)
Sea Zone 15  (222,1935)  (261,1876)  (201,1874)  (162,1933)  (187,1993)  (129,1992)  (104,1930)  (141,1870)  (176,1814)  (236,1816)  (117,1809)  (154,1753)  (211,1754)  (271,1754)  (296,1815)  (82,1867)  (67,1991)  (99,2052)  (40,2048)  (58,1807)  (94,1750)  (44,1929)  (24,1866)  (35,1748)  (331,1754)
Sea Zone 12  (258,2296)  (316,2296)  (286,2355)  (227,2355)  (198,2296)  (234,2236)  (293,2236)  (169,2354)  (175,2235)  (139,2293)  (343,2357)  (376,2300)  (356,2238)  (116,2234)  (80,2292)  (109,2352)  (50,2347)  (73,2407)  (133,2414)  (196,2415)  (257,2413)  (318,2416)  (415,2236)  (433,2296)  (405,2358)  (382,2417)  (475,2236)  (491,2300)  (462,2357)  (443,2416)
Sea Zone 13  (803,2295)  (774,2237)  (834,2234)  (744,2295)  (773,2352)  (831,2353)  (862,2296)  (713,2236)  (716,2353)  (684,2294)  (747,2410)  (688,2412)  (658,2353)  (626,2293)  (653,2235)  (686,2178)  (746,2178)  (804,2179)  (863,2177)  (893,2236)  (923,2181)  (953,2238)  (922,2296)  (980,2297)  (808,2410)  (890,2356)
Sea Zone 29  (2964,522)  (3023,500)  (2963,462)  (2902,424)  (2961,400)  (3021,434)  (3083,473)  (3143,470)  (3082,411)  (3021,374)  (3143,409)  (3204,513)  (3204,454)  (2988,580)  (2926,583)  (2914,644)  (2902,365)  (2843,393)  (2843,330)  (2782,359)  (2783,418)  (2904,483)  (2854,645)  (2886,706)
Sea Zone 27  (2952,1167)  (2891,1133)  (2892,1191)  (2949,1108)  (3012,1141)  (3009,1201)  (2948,1226)  (2888,1251)  (2829,1228)  (2831,1167)  (3009,1080)  (3070,1110)  (3069,1173)  (2889,1075)  (2949,1047)  (3008,1018)  (3068,1046)  (3067,987)  (3130,1075)  (2831,1105)  (2770,1184)  (2769,1243)  (2827,1287)  (2885,1311)  (2946,1286)  (3008,1260)  (2826,1347)  (2884,1368)  (2884,1368)
Sea Zone 28  (3424,1110)  (3396,1168)  (3365,1110)  (3391,1052)  (3449,1051)  (3482,1108)  (3457,1168)  (3369,1228)  (3337,1167)  (3307,1109)  (3329,1052)  (3364,992)  (3423,991)  (3483,989)  (3509,1046)  (3451,932)  (3386,932)  (3518,1167)  (3542,1108)  (3428,1227)  (3490,1228)  (3548,1227)  (3478,1287)  (3537,1286)  (3478,1345)  (3535,1347)  (3476,1404)  (3536,1406)  (3498,1465)
Sea Zone 21  (1321,2184)  (1379,2191)  (1263,2167)  (1322,2125)  (1322,2242)  (1437,2182)  (1496,2170)  (1555,2157)  (1612,2155)  (1618,2215)  (1676,2193)  (1261,2224)  (1262,2105)  (1200,2138)  (1203,2198)  (1140,2170)  (1139,2108)  (1199,2078)  (1260,2043)  (1322,2063)  (1261,2283)  (1201,2259)  (1141,2231)  (1319,2299)  (1138,2290)  (1199,2320)  (1258,2344)  (1383,2029)  (1322,2003)  (1262,1985)  (1199,2018)  (1140,2046)  (1319,2360)  (1319,2360)
Sea Zone 22  (1708,1533)  (1740,1590)  (1681,1591)  (1766,1529)  (1650,1530)  (1681,1472)  (1738,1470)  (1796,1468)  (1824,1524)  (1803,1586)  (1861,1583)  (1623,1591)  (1775,1646)  (1711,1649)  (1646,1649)  (1586,1650)  (1564,1588)  (1588,1531)  (1619,1472)  (1646,1414)  (1705,1410)  (1764,1409)  (1823,1405)  (1855,1463)  (1884,1523)  (1836,1643)  (1549,1709)  (1610,1709)  (1670,1708)  (1730,1710)  (1790,1708)
Sea Zone 20  (1524,351)  (1465,321)  (1463,380)  (1523,412)  (1583,382)  (1582,321)  (1523,291)  (1403,350)  (1643,354)  (1640,295)  (1581,263)  (1463,260)  (1402,289)  (1402,410)  (1342,318)  (1343,376)  (1700,324)  (1702,385)  (1641,413)  (1282,357)  (1282,419)  (1219,393)  (1221,453)  (1154,437)  (1761,363)
Sea Zone 25  (2326,1338)  (2384,1365)  (2384,1305)  (2325,1279)  (2265,1314)  (2267,1373)  (2324,1397)  (2381,1423)  (2443,1394)  (2443,1333)  (2266,1430)  (2207,1397)  (2207,1338)  (2265,1255)  (2206,1279)  (2148,1313)  (2148,1373)  (2089,1339)  (2088,1279)  (2146,1254)  (2205,1220)  (2265,1194)  (2326,1218)  (2385,1246)  (2444,1271)  (2440,1454)  (2504,1365)  (2504,1306)  (2503,1424)  (2380,1481)  (2439,1514)
Sea Zone 26  (2334,1780)  (2391,1811)  (2391,1751)  (2333,1722)  (2275,1758)  (2275,1815)  (2332,1838)  (2274,1872)  (2216,1841)  (2217,1782)  (2274,1699)  (2216,1723)  (2392,1691)  (2450,1779)  (2449,1718)  (2510,1751)  (2157,1808)  (2156,1749)  (2097,1781)  (2097,1722)  (2155,1691)  (2507,1689)  (2569,1718)  (2565,1659)  (2627,1692)  (2274,1930)
Sea Zone 23  (2317,356)  (2256,325)  (2256,384)  (2316,417)  (2377,387)  (2377,324)  (2314,294)  (2192,362)  (2197,422)  (2256,441)  (2377,447)  (2436,421)  (2437,361)  (2375,262)  (2196,297)  (2135,332)  (2134,394)  (2257,262)  (2437,299)  (2497,336)  (2497,395)  (2134,454)  (2196,236)  (2135,269)  (2074,367)  (2556,373)
Sea Zone 24  (2441,833)  (2472,891)  (2412,891)  (2382,833)  (2499,830)  (2464,772)  (2404,775)  (2353,892)  (2384,950)  (2446,951)  (2346,773)  (2368,714)  (2427,714)  (2310,713)  (2342,653)  (2400,654)  (2484,713)  (2522,771)  (2557,829)  (2531,888)  (2505,949)  (2323,951)  (2562,945)  (2347,1009)  (2404,1011)  (2462,1011)
Fruity Lagoon  (3358,1346)  (3415,1326)
Buccan Refuge  (2850,4111)  (2906,4068)  (2848,4051)  (2905,4009)
Cannibal Cays  (2152,3579)  (2163,3636)
Sea Zone 1  (1477,4738)  (1418,4699)  (1419,4759)  (1360,4732)  (1360,4673)  (1359,4790)  (1301,4759)  (1301,4700)  (1302,4642)  (1242,4674)  (1241,4731)  (1477,4796)  (1535,4764)  (1594,4734)  (1594,4792)  (1652,4764)  (1476,4678)  (1418,4639)  (1359,4614)  (1242,4616)  (1241,4789)  (1712,4755)
Sea Zone 2  (864,4696)  (895,4638)  (835,4638)  (925,4697)  (804,4697)  (837,4756)  (895,4757)  (778,4756)  (744,4698)  (773,4638)  (956,4755)  (984,4694)  (954,4635)  (685,4698)  (713,4640)  (653,4636)  (717,4758)  (624,4695)  (654,4756)  (1012,4633)  (1042,4691)  (1015,4753)  (594,4634)  (595,4755)  (1071,4632)  (1075,4751)
Sea Zone 7  (234,3973)  (292,3940)  (293,3999)  (234,4032)  (175,4001)  (173,3941)  (231,3911)  (114,3970)  (351,3965)  (116,4027)  (175,4060)  (172,3882)  (114,3910)  (55,3946)  (56,4004)  (290,3880)  (349,3903)  (409,3935)  (409,3994)  (350,4022)  (290,4057)  (230,4091)  (171,4118)  (114,4085)  (56,4064)  (55,3884)  (113,3850)  (231,3849)  (407,3875)  (408,4052)  (291,4116)
Sea Zone 8  (170,3612)  (144,3552)  (201,3552)  (228,3610)  (200,3669)  (140,3671)  (109,3611)  (81,3669)  (85,3548)  (175,3493)  (116,3490)  (50,3608)  (57,3488)  (260,3548)  (286,3607)  (320,3550)  (344,3609)  (259,3667)  (318,3668)  (21,3667)  (43,3727)  (47,3429)  (104,3729)  (161,3732)  (219,3729)  (279,3730)  (337,3730)
Sea Zone 9  (195,3048)  (136,3076)  (136,3017)  (194,2985)  (253,3022)  (252,2962)  (76,3052)  (77,3112)  (18,3086)  (19,3146)  (76,3171)  (137,3136)  (312,2999)  (311,3059)  (77,2993)  (17,3023)  (371,3026)  (370,2968)  (427,2986)  (487,2974)  (549,2971)  (18,3205)  (79,3233)  (18,3263)  (18,3320)  (79,3292)
Sea Zone 3  (256,4688)  (314,4720)  (314,4662)  (255,4629)  (197,4661)  (196,4720)  (253,4750)  (312,4781)  (194,4778)  (135,4744)  (136,4683)  (136,4623)  (195,4601)  (77,4653)  (76,4711)  (74,4769)  (133,4802)  (252,4809)  (78,4593)  (137,4563)  (253,4569)  (313,4602)  (372,4568)  (371,4626)  (371,4684)  (372,4743)  (373,4803)  (431,4602)  (430,4659)  (430,4719)  (431,4778)
Sea Zone 4  (246,4342)  (304,4374)  (304,4315)  (245,4402)  (245,4282)  (188,4316)  (186,4374)  (187,4433)  (128,4404)  (128,4344)  (68,4375)  (68,4433)  (126,4466)  (69,4313)  (127,4285)  (186,4255)  (127,4226)  (68,4253)  (244,4223)  (303,4253)  (360,4222)  (362,4279)  (363,4336)  (362,4396)  (303,4433)  (243,4461)  (363,4454)  (419,4248)  (422,4306)  (422,4363)  (421,4424)  (425,4484)
Sea Zone 5  (823,4349)  (765,4377)  (825,4407)  (882,4375)  (882,4315)  (822,4289)  (763,4317)  (765,4437)  (707,4409)  (706,4348)  (885,4434)  (649,4444)  (646,4384)  (647,4325)  (705,4288)  (588,4356)  (589,4419)  (590,4296)  (646,4267)  (586,4237)  (823,4464)  (706,4467)  (590,4477)  (881,4257)  (941,4284)  (942,4343)  (944,4402)  (946,4461)
Sea Zone 6  (802,3936)  (831,3877)  (771,3876)  (861,3935)  (744,3933)  (769,3992)  (830,3993)  (710,3990)  (685,3931)  (652,3988)  (711,3873)  (806,3818)  (889,3877)  (919,3936)  (890,3993)  (977,3937)  (625,3929)  (593,3987)  (863,3817)  (951,3997)  (1011,3999)  (582,4044)  (641,4045)  (607,4105)
Arctic Zone 18  (3652,369)  (3651,310)  (3593,379)  (3709,305)  (3592,319)  (3648,252)  (3590,260)  (3706,245)  (3647,193)  (3705,184)  (3589,202)  (3711,365)
Arctic Zone 19  (3842,90)  (3841,32)  (3784,112)  (3783,54)  (3899,56)  (3899,114)  (3726,91)  (3724,31)  (3956,43)  (3956,100)
Arctic Zone 16  (3381,345)  (3440,357)  (3440,299)  (3498,326)  (3381,285)  (3499,267)  (3441,240)  (3381,227)  (3440,182)  (3499,208)  (3499,383)
Arctic Zone 17  (3544,83)  (3543,24)  (3486,113)  (3485,53)  (3602,50)  (3601,108)  (3426,29)  (3427,87)  (3659,22)  (3659,80)
Arctic Zone 10  (2143,83)  (2085,95)  (2201,80)  (2083,37)  (2141,23)  (2199,20)  (2259,26)  (2259,84)
Arctic Zone 11  (2492,111)  (2434,89)  (2376,81)  (2375,23)  (2434,31)  (2492,52)  (2549,14)  (2550,71)  (2551,130)
Arctic Zone 14  (3231,78)  (3230,20)  (3173,113)  (3172,54)  (3289,111)  (3289,53)  (3114,18)  (3114,75)  (3347,23)  (3347,81)
Arctic Zone 15  (3228,319)  (3169,271)  (3227,259)  (3169,214)  (3226,200)  (3110,243)  (3110,184)  (3284,177)  (3284,234)  (3285,293)  (3286,351)
Arctic Zone 12  (2691,154)  (2692,96)  (2633,156)  (2749,166)  (2750,108)  (2633,96)  (2633,38)  (2691,37)  (2750,49)  (2807,4)  (2807,62)  (2807,119)  (2807,177)
Arctic Zone 13  (2959,245)  (2958,186)  (2898,202)  (3017,191)  (2958,128)  (2899,141)  (3016,132)  (2959,69)  (2900,83)  (3017,72)  (2958,11)  (2900,24)  (3017,13)  (3017,249)
Unit List  (6818,1111)
North Hinderlands  (6135,327)  (6137,269)  (6078,248)  (6077,305)  (6192,343)  (6194,284)  (6018,345)  (6020,285)  (5959,347)  (5961,288)  (6251,329)  (6251,269)  (6309,330)  (6308,271)  (6366,247)  (6424,239)
Far Freezelond  (6308,482)  (6331,539)  (6296,424)  (6250,519)  (6230,577)  (6354,400)  (6402,341)  (6414,399)  (6380,457)  (6265,634)  (6298,691)  (6355,660)  (6322,599)  (6381,597)
Arctic Zone 32  (6690,182)  (6630,202)  (6630,143)  (6687,122)  (6629,84)  (6688,61)  (6630,24)  (6687,4)  (6746,5)  (6745,62)  (6745,120)  (6748,177)
Hinderland Settlement  (4637,455)  (4579,490)  (4636,512)  (4705,597)  (4693,539)  (4694,479)  (4694,421)  (4636,397)  (4578,431)  (4520,462)  (4751,449)  (4626,337)  (4569,373)  (4512,403)  (4454,429)  (4453,370)  (4514,344)  (4753,508)
Arctic Zone 30  (6224,193)  (6223,135)  (6224,77)  (6164,179)  (6164,119)  (6165,62)  (6223,18)  (6283,25)  (6282,82)  (6282,140)  (6284,200)
Arctic Zone 31  (6471,146)  (6411,154)  (6412,95)  (6469,86)  (6409,35)  (6467,27)  (6526,5)  (6527,64)  (6528,121)  (6529,179)
Hinderland Zone 6  (5373,241)  (5372,298)  (5430,251)  (5429,308)  (5430,192)  (5372,184)  (5313,309)  (5314,250)  (5314,192)  (5345,125)  (5287,133)  (5488,199)  (5487,256)  (5488,314)
Hinderland Zone 8  (5699,312)  (5699,254)  (5756,328)  (5756,269)  (5641,333)  (5640,275)  (5813,327)  (5813,269)  (5581,229)  (5580,287)  (5871,269)  (5872,327)
Hinderland Zone 2  (4815,291)  (4819,348)  (4760,347)  (4757,288)  (4876,386)  (4876,327)  (4872,268)  (4814,231)  (4755,228)  (4699,312)  (4698,254)  (4933,295)  (4817,405)  (4935,354)
Hinderland Zone 4  (5060,352)  (5117,339)  (5174,327)  (5231,311)  (5215,253)  (5157,268)  (5099,282)  (5040,294)  (4979,247)  (5036,234)  (5093,223)  (5151,209)  (5184,153)
Arctic Zone 29  (5993,190)  (5991,132)  (5934,219)  (5932,160)  (5931,102)  (5989,72)  (5929,41)  (5989,9)  (6046,4)  (6047,62)  (6049,120)  (6053,179)
Arctic Zone 27  (5459,94)  (5458,34)  (5517,132)  (5517,72)  (5400,71)  (5399,11)  (5517,13)  (5339,4)  (5339,62)  (5575,21)  (5576,79)  (5576,138)
Arctic Zone 28  (5725,176)  (5782,199)  (5782,141)  (5724,118)  (5781,83)  (5723,60)  (5780,25)  (5723,2)  (5666,168)  (5666,110)  (5666,51)  (5837,5)  (5838,62)  (5839,119)  (5839,176)
Arctic Zone 21  (4107,80)  (4106,22)  (4165,53)  (4165,111)  (4049,111)  (4047,51)  (4223,36)  (4222,94)
Arctic Zone 22  (4043,301)  (4042,242)  (4099,259)  (4099,200)  (4041,184)  (3985,322)  (3983,263)  (3983,204)  (4157,225)  (4215,198)
Arctic Zone 20  (3855,309)  (3855,251)  (3797,331)  (3797,273)  (3797,215)  (3855,191)  (3913,200)  (3913,257)  (3913,314)
Arctic Zone 25  (4896,172)  (4895,113)  (4896,54)  (4837,157)  (4836,100)  (4836,40)  (4954,4)  (4954,62)  (4954,120)  (4955,179)
Arctic Zone 26  (5122,103)  (5121,44)  (5180,81)  (5179,23)  (5064,152)  (5064,93)  (5062,32)  (5237,4)  (5237,62)
Arctic Zone 23  (4384,133)  (4325,168)  (4325,108)  (4382,74)  (4442,107)  (4441,47)  (4324,50)  (4382,15)  (4500,28)  (4500,87)
Arctic Zone 24  (4641,215)  (4641,157)  (4698,179)  (4698,121)  (4641,98)  (4606,273)  (4583,214)  (4583,156)  (4582,96)  (4698,63)  (4639,40)  (4580,37)  (4698,4)  (4548,272)  (4756,39)  (4755,96)  (4756,155)
East Foothills  (4740,837)  (4723,895)  (4683,837)  (4725,952)  (4707,779)  (4764,743)  (4797,800)  (4797,857)  (4782,915)  (4784,972)  (4854,864)  (4839,921)  (4842,978)  (4899,930)  (4900,988)
Sinfjord  (4752,1167)  (4810,1177)  (4693,1164)  (4870,1230)  (4634,1158)  (4761,1108)  (4703,1106)  (4645,1100)  (4818,1118)  (4676,1042)  (4733,1048)  (4790,1049)  (4847,1058)  (4875,1115)  (4868,1172)
West Dolmor  (4426,896)  (4367,910)  (4451,837)  (4425,954)  (4483,895)  (4367,967)  (4393,840)  (4509,834)  (4424,1012)
East Dolmor  (4544,976)  (4602,1012)  (4484,1036)  (4542,1033)  (4497,1094)  (4568,919)  (4585,860)  (4643,886)  (4625,950)  (4555,1091)
Zool Twins  (5469,1394)  (5471,1335)  (5413,1314)  (5386,1371)  (5355,1291)  (5327,1375)  (5269,1377)  (5297,1317)  (5296,1258)  (5211,1365)  (5237,1308)  (5238,1251)  (5211,1192)
Dreadpass  (5341,1090)  (5335,1148)  (5277,1151)  (5281,1091)  (5396,1115)  (5328,1206)  (5392,1172)  (5223,1077)  (5165,1064)  (5449,1170)  (5387,1229)  (5446,1229)
Plagued Fields  (5067,787)  (5099,844)  (5124,785)  (5075,726)  (5132,726)  (5009,821)  (5008,763)  (5157,844)  (5181,787)  (5190,727)  (5216,847)  (5240,786)  (5248,728)  (5305,748)  (5297,806)  (5088,901)  (5084,959)  (5274,865)
Runedelf  (5023,1096)  (4965,1091)  (5021,1037)  (5080,1083)  (4995,1153)  (5053,1153)  (4936,1148)  (5110,1140)  (4937,1206)  (4994,1211)  (5051,1210)  (5109,1198)  (4965,1269)  (5038,1268)  (5095,1265)  (5005,979)  (4983,921)  (5097,1322)  (5155,1325)
Troglodyte Coast  (4255,976)  (4312,1010)  (4197,955)  (4139,932)  (4081,905)  (4023,885)  (3965,870)  (4341,1067)  (4399,1079)
Gillshore  (4501,702)  (4459,643)  (4517,642)  (4559,699)  (4442,700)  (4476,759)  (4533,759)  (4418,758)  (4384,688)  (4360,745)  (4575,641)  (4590,773)  (4616,715)  (4632,657)  (4674,714)
Winterboar Hills  (3998,801)  (3940,805)  (4055,819)  (4112,779)  (4133,837)  (4169,779)  (4226,799)  (3882,791)  (4190,856)  (4283,794)  (4307,851)  (4249,886)  (4249,886)
Hinderland Zone 7  (5720,453)  (5662,418)  (5719,395)  (5778,419)  (5661,475)  (5604,406)  (5603,464)  (5544,489)  (5544,429)  (5486,385)  (5486,443)  (5485,500)  (5778,476)
Hinderland Zone 5  (5278,467)  (5337,458)  (5395,448)  (5219,481)  (5223,539)  (5280,526)  (5338,518)  (5196,421)  (5254,409)  (5312,399)  (5370,386)  (5398,508)
Hinderland Zone 9  (5920,478)  (5923,418)  (5861,491)  (5863,428)  (5959,535)  (5980,413)  (5979,471)  (6037,503)  (6037,443)  (6094,408)  (6095,465)  (6152,408)  (6153,465)  (6212,444)
Decaying Soils  (5665,640)  (5607,642)  (5549,647)  (5548,589)  (5605,584)  (5663,582)  (5720,545)  (5721,602)  (5778,612)  (5778,554)  (5836,646)  (5835,588)  (5892,571)  (5893,628)  (5906,685)
The Hinderlands  (4867,730)  (4852,672)  (4909,672)  (4928,613)  (4870,614)  (4766,678)  (4790,619)  (4803,561)  (4860,556)  (4917,555)  (4892,498)  (4834,499)  (4907,788)
Safe Haven  (3659,826)  (3716,817)  (3773,816)  (3789,873)  (3846,858)  (3827,930)  (3884,915)  (3885,972)  (3601,827)  (3546,773)  (3488,744)  (3430,715)  (3372,712)  (3314,708)  (3942,942)  (3990,999)
Blackwell  (5408,618)  (5350,641)  (5292,659)  (5234,648)  (5176,623)  (5118,627)  (5059,648)  (5000,662)  (5465,601)
Hinderland Zone 3  (5057,498)  (5114,486)  (4998,513)  (5081,555)  (5031,440)  (4972,455)  (5089,427)  (5021,570)  (5140,544)
Near Freezelond  (6117,744)  (6059,726)  (6116,686)  (6174,701)  (6173,643)  (6115,627)  (6058,668)  (6059,784)  (6001,743)  (6000,685)  (6031,610)  (6088,569)  (6145,569)  (6174,758)  (6231,730)
Dragonback Island  (2682,563)  (2623,565)  (2565,577)  (2740,564)  (2798,549)
Lone Island  (2671,1086)
Turtle Rock  (1934,1668)  (1991,1657)
Longkey Island  (2296,2000)  (2353,2026)
Whalebard  (620,428)  (662,367)  (601,486)  (658,487)  (542,499)  (720,366)
The Starfish Chain  (290,2022)  (338,1981)  (363,1887)  (209,2094)
Oorsik Island  (828,4177)  (827,4118)  (769,4121)  (767,4179)  (885,4156)  (885,4098)  (709,4183)  (942,4089)
Blood Island  (1072,2460)  (1014,2452)  (956,2451)  (898,2449)  (1129,2487)
Questos  (1397,1870)  (1339,1891)  (1281,1891)  (1396,1927)
Durlan Steppes  (632,3315)  (574,3284)  (573,3342)  (515,3322)  (630,3373)  (632,3257)  (688,3359)  (689,3300)  (691,3241)  (747,3280)  (746,3338)  (804,3289)  (803,3346)  (861,3302)  (860,3359)  (918,3333)  (929,3390)  (986,3374)  (995,3431)
Arctic Zone 7  (1294,99)  (1353,144)  (1352,86)  (1352,27)  (1293,41)  (1295,158)  (1236,182)  (1235,124)  (1235,64)  (1410,6)  (1411,63)  (1235,5)  (1411,122)
Durlan North Coast  (666,2924)  (653,2981)  (705,2866)  (637,3038)  (762,2816)  (820,2793)
Arctic Zone 8  (1599,168)  (1658,170)  (1598,108)  (1656,109)  (1597,49)  (1655,49)  (1539,163)  (1539,104)  (1537,44)  (1713,45)  (1714,104)  (1716,184)
North Durlan Hills  (761,3052)  (703,3051)  (736,2993)  (793,2993)  (768,2934)  (826,2935)  (826,2876)  (884,2903)  (884,2844)  (753,3109)
Arctic Zone 9  (1947,146)  (1889,165)  (1941,87)  (1883,106)  (1829,167)  (1824,107)  (1881,47)  (1823,48)  (1939,28)  (1999,86)  (1997,27)  (2004,147)
Durlan Ranges  (851,3168)  (908,3152)  (849,3110)  (792,3150)  (860,3225)  (802,3219)  (744,3199)  (860,3052)  (890,2994)  (947,3030)  (917,3088)  (966,3145)  (975,3087)  (1024,3144)  (1052,3201)
Volodar Point  (853,2743)  (910,2707)  (911,2764)  (968,2733)  (968,2790)  (1026,2726)  (1025,2784)  (1074,2683)  (956,2847)
Arctic Zone 3  (616,45)  (615,103)  (674,29)  (673,87)  (557,25)  (556,83)  (731,103)  (732,44)  (497,47)  (495,104)  (789,31)  (789,89)
Athondir  (417,3480)  (472,3536)  (591,3454)  (475,3477)  (533,3479)  (532,3537)  (592,3511)  (591,3568)  (530,3595)  (471,3634)  (532,3419)  (472,3418)  (649,3447)  (649,3505)  (649,3562)  (706,3484)  (439,3692)  (707,3542)
Arctic Zone 4  (616,256)  (557,314)  (557,255)  (674,226)  (615,198)  (556,197)  (498,332)  (498,272)  (498,214)  (732,213)  (789,217)
Deldrach  (185,3330)  (128,3368)  (185,3388)  (242,3423)  (242,3365)  (242,3307)  (184,3272)  (242,3248)  (234,3188)  (299,3337)  (299,3394)  (299,3451)  (356,3338)  (356,3395)  (356,3452)  (413,3398)  (413,3340)
Arctic Zone 5  (1007,78)  (1007,19)  (948,108)  (948,49)  (1064,105)  (1064,47)  (890,26)  (890,84)  (1121,23)  (1121,81)
Durlan South Coast  (455,3101)  (513,3083)  (397,3144)  (370,3201)  (342,3259)  (570,3059)
Arctic Zone 6  (1050,316)  (991,338)  (991,279)  (933,359)  (932,301)  (1049,257)  (873,337)  (872,278)  (931,243)  (930,185)  (871,217)  (988,221)  (1047,199)  (1106,181)  (1106,239)  (1108,296)
South Durlan Hills  (654,3158)  (596,3192)  (595,3133)  (538,3215)  (537,3157)  (479,3173)  (480,3250)  (422,3250)  (655,3100)  (710,3146)
Arctic Zone 1  (265,77)  (264,19)  (323,86)  (323,27)  (206,29)  (205,87)  (381,20)  (147,17)  (146,76)  (87,67)  (382,78)
Arctic Zone 2  (355,234)  (296,234)  (354,292)  (294,292)  (324,350)  (236,259)  (237,197)  (295,175)  (353,176)  (180,175)  (411,178)  (412,235)  (413,292)  (382,350)
The Outlands  (1050,2901)  (1107,2923)  (1107,2865)  (1048,2842)  (992,2917)  (1050,2958)  (992,2975)  (934,2937)  (1049,3015)  (1107,2981)  (1164,3025)  (1164,2967)  (1164,2908)  (1222,2974)  (1222,3032)  (1279,2990)  (1279,3048)  (1336,3075)  (1337,3016)  (1393,3093)
Oorsik Tirith  (897,3590)  (896,3647)  (953,3647)  (954,3590)  (971,3532)  (913,3532)  (839,3590)  (854,3531)  (838,3648)  (780,3624)  (781,3566)  (782,3507)  (937,3473)  (879,3474)  (820,3448)  (762,3446)
Oorsik Hills  (1084,3587)  (1083,3644)  (1024,3637)  (1140,3637)  (1025,3579)  (1142,3578)  (1036,3521)  (1094,3521)  (1152,3519)  (1209,3525)  (1200,3582)  (1265,3552)
West Savanna  (1036,3283)  (978,3290)  (980,3231)  (921,3226)  (1093,3258)  (1052,3340)  (1150,3282)  (1207,3308)  (1109,3340)  (1167,3364)  (1109,3397)  (1225,3366)  (1166,3421)
South Savanna  (1341,3451)  (1341,3508)  (1398,3539)  (1398,3481)  (1283,3489)  (1283,3430)  (1224,3463)  (1302,3372)  (1341,3314)  (1359,3372)  (1455,3514)  (1474,3430)  (1416,3386)  (1513,3488)
Kallingdor  (1931,3628)  (1893,3570)  (1950,3570)  (2008,3570)  (1989,3627)  (2047,3628)  (1873,3627)  (1843,3685)  (1900,3685)  (1957,3685)  (2014,3685)  (2034,3742)  (1976,3742)  (1918,3742)  (1860,3742)  (1802,3742)  (1868,3799)  (1925,3800)  (1982,3800)  (2019,3857)  (1961,3858)  (1903,3857)  (1968,3915)  (1910,3915)  (1884,3972)
Kallingpass  (1698,3712)  (1752,3626)  (1756,3683)  (1640,3736)  (1581,3706)  (1579,3768)  (1520,3790)  (1520,3728)  (1810,3611)  (1819,3553)  (1791,3494)  (1849,3494)  (1825,3434)
Mount Myrin  (1598,3573)  (1598,3515)  (1540,3545)  (1540,3602)  (1655,3462)  (1656,3519)  (1657,3576)  (1677,3404)  (1686,3346)  (1743,3391)  (1714,3461)  (1716,3520)  (1482,3574)  (1423,3611)  (1481,3646)
Oorsik Forest  (543,3743)  (485,3794)  (543,3801)  (485,3736)  (542,3684)  (600,3694)  (600,3752)  (600,3809)  (599,3636)  (658,3736)  (657,3677)  (656,3619)  (714,3638)  (714,3696)
East Savanna  (1508,3331)  (1567,3324)  (1550,3266)  (1492,3274)  (1450,3332)  (1398,3288)  (1532,3388)  (1624,3324)  (1591,3381)  (1569,3444)
North Savanna  (1282,3216)  (1224,3242)  (1339,3241)  (1281,3273)  (1224,3184)  (1339,3183)  (1281,3158)  (1223,3126)  (1396,3226)  (1396,3168)  (1166,3213)  (1165,3155)  (1165,3096)  (1107,3149)  (1107,3090)  (1453,3166)  (1454,3223)